        0.480778       -0.136458          -1.818
       -0.141567       -0.751127       -0.280967
        -0.41313       0.0725897         0.77407
       -0.626754         0.34949        0.264647
         1.50033        0.514678        -1.89318
       -0.602867        0.554029        0.701853
       -0.680199       0.0370227         1.00765
        -1.01326      -0.0100527        -1.77925
        0.282602         2.82117      -0.0870034
       -0.238106       -0.253754        0.353113
        0.295843        -1.84676        -2.10907
        0.359534      -0.0932471        0.199403
       -0.609878          0.5972         1.53644
        0.620899         1.62069         -1.0566
       -0.328728        -0.58021        0.984075
        0.204636        0.454553        0.884171
        0.603131        -0.74194       -0.331948
        0.377065        0.138075        0.508359
        0.896853       0.0761819       -0.291231
        0.780263         1.62317       -0.650509
        0.676793         0.81692        0.305038
         1.15973        0.541344       -0.752791
         1.28554         1.08858        0.463738
        -0.17546        0.100866        0.290785
       -0.185252        -1.40553        -0.27066
         1.59833         1.54028       0.0324816
        -1.26618        0.160726       -0.464617
         1.53123        0.587586        0.176275
       -0.163869        -1.13891         -1.4704
         1.75574        0.612806         1.34247
         1.03628      -0.0394839        0.359006
       -0.500389        -1.15505        0.317889
       -0.311384       -0.205326         1.15728
       -0.796133       -0.168027         0.67024
        0.234879         1.35047        0.170063
       -0.378863         1.03812        0.333508
        0.407912        -1.60698        -1.30845
       0.0942938       -0.853292        0.672414
        0.796675        -0.27925        -0.30386
       -0.757363        0.509059        0.710707
       -0.235404        0.527277           1.421
        -1.63673        0.328175         1.91919
       -0.210609        -0.55711        0.333652
         0.24588        0.263917        -1.38036
        -1.12574       -0.124268        0.523877
        -0.61882        0.285879        0.696934
        0.674663         1.32687       -0.535796
        -1.59942        0.106873        0.114325
         0.32694         0.69605       -0.893555
       -0.265572        -1.98657        0.258993
         1.05122          1.5752        0.485222
        -0.51168        0.193524         1.35064
       0.0112921       -0.652395       -0.648643
        -1.06375      -0.0676162       -0.101443
      -0.0902095       -0.627395        -1.48051
       0.0594459         2.35028      -0.0246262
       -0.674879        0.524321         0.78226
       -0.554325       -0.517965       -0.806226
        -0.69345        -1.95629      -0.0981527
       -0.655638      -0.0189836         0.61566
       -0.578802        0.462884        0.290872
       -0.303821       -0.982693        0.254862
        0.494321       -0.744975        -1.01491
       -0.285118        -1.06763       -0.393784
         1.46997        0.135966         1.11585
       -0.277686         0.75093        -0.47826
        0.643707       -0.116644        0.527372
         -0.3996        0.369782         1.00554
        -0.60729      -0.0973685        -1.29826
        -0.52075         1.05553      -0.0712118
       0.0386807       -0.173283         1.56071
        0.987705       -0.617002        0.809222
        0.920573        -1.77985       -0.422155
        -1.13841       -0.122616       -0.240398
         1.32945        0.188569       -0.123536
        0.258347       -0.340058        0.141156
         1.09728         -1.0015       -0.318914
       -0.853484      0.00165489        0.844544
       -0.858014       -0.242778        -0.72074
        -1.89437        0.299399        0.149121
       -0.492284        0.750813       -0.233398
        0.908245         0.32114        0.864016
         1.47636       -0.207097      -0.0889945
       -0.177123       -0.682515        0.696622
         1.02544       -0.196836        -0.45667
        0.795968        0.115458          0.3997
       -0.497275       -0.497266        -2.01867
         0.85348        -1.92518       -0.471365
        0.129088     -0.00142817         1.25106
         -1.3749        -1.58379        0.393215
        0.152417       -0.490458        0.661114
         1.20725       -0.540416         1.06678
       0.0296422        0.360546       -0.114252
        0.599938        0.465383        -1.07663
      -0.0840034      -0.0409845        0.105094
       0.0267816         1.04324        0.283113
       -0.319222       -0.988371         -1.4657
        0.621241         1.63497        0.145555
       -0.520143        -1.00824       -0.728164
       -0.969609       -0.514339         1.00928
        0.703283       -0.766967        -1.08116
        -1.86066     -0.00568309         1.71344
      -0.0885303        0.140617       0.0153887
       -0.149546        -1.29918        -1.33082
          1.3493        0.286394         -1.1119
        -1.67988       -0.502913        -2.10393
      -0.0931065          1.7914        0.539515
        -1.31799        0.753398       -0.358886
