#     BLOCK:   ACTUAL_M:     M_AVE:      ERROR:
               1            0.36            0.36               0
               2             0.4            0.38       0.0141421
               3             0.4        0.386667       0.0108866
               4            0.44             0.4       0.0141421
               5            0.36           0.392       0.0133866
               6            0.24        0.366667        0.025676
               7            0.32            0.36       0.0228571
               8            0.48           0.375        0.024431
               9            0.64        0.404444       0.0352456
              10             0.8           0.444       0.0491365
              11            0.84            0.48       0.0563343
              12            0.76        0.503333       0.0562649
              13            0.68        0.516923       0.0535529
              14             0.4        0.508571       0.0503747
              15             0.6        0.514667       0.0473837
              16            0.56          0.5175       0.0445068
              17             0.6        0.522353       0.0421525
              18             0.4        0.515556       0.0403551
              19           -0.04        0.486316       0.0476611
              20           -0.08           0.458       0.0530264
              21           -0.12        0.430476       0.0572003
              22           -0.44        0.390909       0.0668998
              23            -0.2        0.365217       0.0687476
              24           -0.12           0.345       0.0687917
              25           -0.24          0.3216       0.0699066
              26           -0.28        0.298462        0.070944
              27           -0.32        0.275556       0.0719193
              28            -0.6        0.244286       0.0758446
              29           -0.64        0.213793       0.0791218
              30           -0.52        0.189333       0.0801761
              31            -0.6        0.163871       0.0815328
              32           -0.48         0.14375       0.0814298
              33           -0.48        0.124848       0.0811263
              34           -0.44        0.108235       0.0804233
              35           -0.28       0.0971429       0.0788867
              36           -0.24       0.0877778       0.0772493
              37           -0.36       0.0756757       0.0761036
              38           -0.48       0.0610526       0.0754926
              39            -0.4       0.0492308       0.0744768
              40           -0.48           0.036       0.0737808
              41            -0.4       0.0253659       0.0727435
              42           -0.56       0.0114286       0.0723344
              43           -0.48     7.22936e-17       0.0715493
              44           -0.56      -0.0127273       0.0710462
              45           -0.24      -0.0177778       0.0696466
              46           -0.56      -0.0295652       0.0691229
              47           -0.52           -0.04       0.0684353
              48           -0.44      -0.0483333        0.067515
              49           -0.48      -0.0571429       0.0667094
              50           -0.28         -0.0616        0.065524
              51           -0.44      -0.0690196       0.0646579
              52           -0.48      -0.0769231       0.0638957
              53           -0.28      -0.0807547       0.0628049
              54            -0.6      -0.0903704       0.0623736
              55           -0.48      -0.0974545       0.0616405
              56            -0.6       -0.106429       0.0611895
              57           -0.68       -0.116491       0.0609378
              58           -0.48       -0.122759       0.0602086
              59           -0.28       -0.125424       0.0592471
              60           -0.12       -0.125333       0.0582597
              61           -0.16       -0.125902       0.0573074
              62           -0.04       -0.124516       0.0563998
              63               0        -0.12254       0.0555392
              64            -0.2        -0.12375       0.0546846
              65           -0.04       -0.122462       0.0538585
              66            0.16       -0.118182       0.0532122
              67            0.24       -0.112836       0.0526859
              68            0.28       -0.107059       0.0522268
              69            0.04       -0.104928       0.0515134
              70            0.16       -0.101143       0.0509163
              71            0.12      -0.0980282       0.0502944
              72            0.12          -0.095       0.0496869
              73             0.2      -0.0909589       0.0491703
              74            0.64      -0.0810811       0.0494881
              75            0.56      -0.0725333       0.0495609
              76            0.52      -0.0647368       0.0495183
              77             0.6      -0.0561039        0.049622
              78            0.56      -0.0482051       0.0496105
              79             0.6           -0.04       0.0496564
              80             0.6          -0.032       0.0496759
              81            0.52      -0.0251852       0.0495279
              82            0.48      -0.0190244       0.0493056
              83            0.44       -0.013494       0.0490207
              84             0.4     -0.00857143       0.0486837
              85             0.4     -0.00376471       0.0483476
              86             0.2     -0.00139535       0.0478435
              87             0.2      0.00091954       0.0473495
              88            0.24      0.00363636       0.0468893
              89            0.44      0.00853933       0.0466181
              90             0.6       0.0151111       0.0465611
              91            0.68       0.0224176       0.0466191
              92            0.84       0.0313043       0.0469518
              93            0.88       0.0404301       0.0473255
              94             0.8       0.0485106       0.0475069
              95            0.72       0.0555789       0.0475297
              96            0.76       0.0629167       0.0475977
              97             0.8       0.0705155       0.0477097
              98            0.88       0.0787755       0.0479325
              99            0.72       0.0852525        0.047884
             100            0.64          0.0908       0.0477254
             101            0.64       0.0962376       0.0475616
             102            0.76        0.102745       0.0475384
             103             0.8        0.109515       0.0475564
             104            0.76        0.115769       0.0475087
             105            0.68        0.121143       0.0473592
             106            0.72        0.126792       0.0472482
             107            0.72        0.132336       0.0471307
             108            0.56        0.136296       0.0468604
             109            0.56        0.140183       0.0465914
             110             0.6        0.144364        0.046355
             111             0.4        0.146667       0.0459946
             112            0.48        0.149643       0.0456801
             113            0.52         0.15292       0.0453933
             114            0.56        0.156491       0.0451353
             115            0.32        0.157913       0.0447652
             116            0.52        0.161034        0.044488
             117            0.52        0.164103       0.0442134
             118            0.56        0.167458       0.0439659
             119            0.52         0.17042       0.0436961
             120            0.56        0.173667       0.0434524
             121            0.32        0.174876       0.0431101
             122             0.4        0.176721       0.0427962
             123             0.2        0.176911       0.0424487
             124            0.32        0.178065       0.0421221
             125            0.44         0.18016       0.0418372
             126             0.6        0.183492       0.0416376
             127            0.64        0.187087       0.0414646
             128            0.84        0.192188       0.0414532
             129            0.72        0.196279       0.0413333
             130            0.76        0.200615       0.0412422
             131            0.48        0.202748       0.0409825
             132            0.44        0.204545       0.0407114
             133            0.28        0.205113       0.0404093
             134            0.12        0.204478       0.0401127
             135               0        0.202963       0.0398442
             136           -0.08        0.200882       0.0396055
             137               0        0.199416       0.0393435
             138            0.08        0.198551       0.0390679
             139            0.64        0.201727       0.0389157
             140            0.52           0.204       0.0387041
             141            0.44        0.205674       0.0384658
             142            0.56        0.208169       0.0382757
             143            0.44         0.20979       0.0380424
             144            0.44        0.211389       0.0378118
             145            0.56        0.213793       0.0376274
             146            0.56        0.216164       0.0374443
             147            0.48        0.217959       0.0372326
             148            0.44        0.219459       0.0370112
             149            0.56        0.221745       0.0368333
             150            0.52        0.223733       0.0366414
             151            0.48         0.22543        0.036438
             152            0.76        0.228947       0.0363676
             153            0.84        0.232941       0.0363486
             154            0.52        0.234805       0.0361603
             155             0.6        0.237161       0.0360037
             156             0.4        0.238205        0.035788
             157            0.28        0.238471        0.035561
             158            0.36        0.239241       0.0353443
             159            0.28        0.239497       0.0351229
             160            0.44         0.24075       0.0349258
             161            0.48        0.242236       0.0347404
             162            0.56        0.244198       0.0345813
             163            0.72        0.247117       0.0344921
             164            0.72            0.25       0.0344021
             165            0.72        0.252848       0.0343114
             166            0.68        0.255422        0.034201
             167            0.68        0.257964       0.0340906
             168            0.76        0.260952       0.0340184
             169             0.8        0.264142       0.0339663
             170            0.84        0.267529        0.033935
             171            0.96        0.271579       0.0339773
             172            0.88        0.275116       0.0339634
             173            0.76        0.277919       0.0338825
             174            0.68         0.28023       0.0337665
             175            0.76        0.282971       0.0336847
             176            0.84        0.286136       0.0336416
             177            0.92        0.289718       0.0336416
             178            0.76         0.29236       0.0335562
             179            0.52        0.293631       0.0333928
             180            0.48        0.294667       0.0332234
             181            0.52        0.295912       0.0330631
             182            0.56        0.297363       0.0329133
             183            0.36        0.297705       0.0327352
             184             0.4        0.298261        0.032562
             185            0.56        0.299676       0.0324167
             186            0.32        0.299785       0.0322426
             187            0.36        0.300107       0.0320718
             188             0.4        0.300638       0.0319056
             189            0.24        0.300317       0.0317384
             190            0.32        0.300421       0.0315716
             191            0.12        0.299476       0.0314204
             192            0.24        0.299167       0.0312583
             193            0.32        0.299275       0.0310965
             194            0.44             0.3       0.0309447
             195             0.6        0.301538       0.0308242
             196            0.72        0.303673       0.0307408
             197            0.76         0.30599       0.0306719
             198            0.72        0.308081       0.0305882
             199            0.36        0.308342       0.0304356
             200            0.36          0.3086       0.0302845
             201            0.64        0.310249       0.0301787
             202            0.64        0.311881       0.0300734
             203            0.44        0.312512       0.0299319
             204            0.52        0.313529       0.0298024
             205            0.36        0.313756       0.0296579
             206            0.44        0.314369       0.0295203
             207            0.44        0.314976       0.0293839
             208            0.28        0.314808       0.0292431
             209            0.32        0.314833       0.0291032
             210            0.36        0.315048       0.0289654
             211            0.32        0.315071       0.0288281
             212            0.32        0.315094       0.0286922
             213            0.36        0.315305       0.0285582
             214            0.28         0.31514       0.0284253
             215             0.4        0.315535       0.0282958
             216            0.12         0.31463       0.0281793
             217               0         0.31318       0.0280867
             218            0.08         0.31211       0.0279782
             219            0.12        0.311233       0.0278642
             220           -0.04        0.309636       0.0277832
             221           -0.16        0.307511       0.0277387
             222           -0.12        0.305586       0.0276805
             223           -0.24        0.303139       0.0276643
             224            -0.2        0.300893       0.0276318
             225           -0.48        0.297422       0.0277261
             226           -0.44        0.294159       0.0277948
             227           -0.52        0.290573       0.0279028
             228            -0.4        0.287544       0.0279443
             229           -0.36        0.284716        0.027965
             230           -0.44        0.281565       0.0280203
             231            -0.4        0.278615       0.0280539
             232            -0.4         0.27569       0.0280851
             233           -0.44        0.272618        0.028132
             234           -0.48        0.269402       0.0281951
             235           -0.24        0.267234       0.0281583
             236           -0.28        0.264915       0.0281343
             237           -0.36        0.262278       0.0281389
             238           -0.44        0.259328       0.0281749
             239            -0.4        0.256569       0.0281918
             240           -0.32        0.254167       0.0281765
             241           -0.32        0.251784       0.0281601
             242           -0.28        0.249587       0.0281293
             243           -0.28        0.247407       0.0280979
             244           -0.16        0.245738       0.0280323
             245           -0.28        0.243592       0.0279999
             246           -0.52        0.240488       0.0280576
             247            -0.6        0.237085       0.0281496
             248           -0.44        0.234355       0.0281682
             249           -0.52        0.231325       0.0282175
             250           -0.48         0.22848       0.0282477
             251           -0.52        0.225498       0.0282921
             252           -0.52         0.22254       0.0283341
             253           -0.48        0.219763       0.0283579
             254           -0.36         0.21748       0.0283379
             255           -0.04        0.216471       0.0282448
             256               0        0.215625       0.0281471
             257            0.08        0.215097       0.0280425
             258               0        0.214264       0.0279462
             259               0        0.213436       0.0278506
             260           -0.04        0.212462       0.0277605
             261           -0.08        0.211341       0.0276767
             262           -0.16        0.209924       0.0276074
             263           -0.68         0.20654        0.027709
             264           -0.64        0.203333        0.027789
             265            -0.4        0.201057       0.0277772
             266           -0.32        0.199098       0.0277418
             267            -0.2        0.197603       0.0276781
             268           -0.12        0.196418       0.0276002
             269           -0.12        0.195242       0.0275226
             270           -0.16        0.193926       0.0274521
             271            0.04        0.193358       0.0273567
             272            0.28        0.193676        0.027258
             273            0.44        0.194579       0.0271731
             274             0.2        0.194599       0.0270739
             275            0.44        0.195491       0.0269902
             276            0.24        0.195652       0.0268928
             277             0.2        0.195668       0.0267958
             278            0.32        0.196115       0.0267031
             279             0.4        0.196846       0.0266174
             280            0.24           0.197       0.0265228
             281            0.28        0.197295         0.02643
             282            0.28        0.197589       0.0263379
             283            0.28         0.19788       0.0262465
             284            0.36        0.198451       0.0261603
             285            0.36        0.199018       0.0260746
             286            0.28        0.199301        0.025985
             287            0.32        0.199721       0.0258979
             288             0.2        0.199722       0.0258079
             289             0.2        0.199723       0.0257186
             290            0.24        0.199862       0.0256303
             291             0.2        0.199863       0.0255422
             292            0.16        0.199726       0.0254551
             293            0.16         0.19959       0.0253686
             294             0.2        0.199592       0.0252823
             295            0.16        0.199458        0.025197
             296           -0.08        0.198514       0.0251295
             297           -0.04         0.19771       0.0250578
             298            0.04        0.197181       0.0249793
             299            0.08        0.196789       0.0248988
             300               0        0.196133       0.0248244
             301           -0.12        0.195083       0.0247642
             302           -0.16        0.193907       0.0247101
             303            0.16        0.193795       0.0246288
             304             0.4        0.194474       0.0245571
             305            0.32        0.194885         0.02448
             306            0.28        0.195163       0.0244016
             307            0.24        0.195309       0.0243226
             308               0        0.194675       0.0242518
             309            0.12        0.194434       0.0241746
             310            0.04        0.193935       0.0241017
             311           -0.08        0.193055       0.0240403
             312           -0.16        0.191923       0.0239899
             313           -0.08        0.191054        0.023929
             314            0.04        0.190573       0.0238576
             315           -0.08        0.189714       0.0237973
             316           -0.04        0.188987       0.0237331
             317            0.04        0.188517       0.0236629
             318            0.16        0.188428       0.0235886
             319               0        0.187837       0.0235221
             320            0.28        0.188125       0.0234503
             321            0.44         0.18891       0.0233904
             322            0.52        0.189938       0.0233404
             323            0.76        0.191703       0.0233347
             324            0.68         0.19321       0.0233113
             325            0.68        0.194708       0.0232877
             326            0.48        0.195583       0.0232327
             327            0.52        0.196575       0.0231828
             328            0.52        0.197561       0.0231331
             329            0.36        0.198055        0.023068
             330            0.24        0.198182       0.0229985
             331               0        0.197583       0.0229368
             332               0        0.196988       0.0228754
             333             0.2        0.196997       0.0228067
             334               0        0.196407       0.0227461
             335           -0.12        0.195463       0.0226978
             336               0        0.194881       0.0226377
             337             0.2        0.194896       0.0225705
             338            0.24         0.19503       0.0225041
             339            0.32        0.195398       0.0224408
             340            0.36        0.195882         0.02238
             341            0.48        0.196716       0.0223299
             342             0.4         0.19731       0.0222725
             343            0.44        0.198017       0.0222188
             344            0.56         0.19907       0.0221791
             345             0.6        0.200232       0.0221452
             346            0.52        0.201156       0.0221005
             347            0.44        0.201844       0.0220475
             348            0.36        0.202299       0.0219889
             349             0.4        0.202865       0.0219331
             350            0.32          0.2032        0.021873
             351            0.24        0.203305        0.021811
             352            0.28        0.203523       0.0217501
             353             0.4        0.204079       0.0216956
             354            0.48        0.204859       0.0216483
             355             0.4        0.205408       0.0215943
             356            0.36        0.205843        0.021538
             357            0.32        0.206162       0.0214801
             358            0.16        0.206034       0.0214204
             359           -0.04        0.205348       0.0213717
             360           -0.12        0.204444       0.0213315
             361           -0.24        0.203213       0.0213079
             362           -0.16         0.20221       0.0212726
             363            -0.2        0.201102       0.0212429
             364            0.04        0.200659       0.0211891
             365           -0.04             0.2       0.0211413
             366           -0.16        0.199016       0.0211064
             367           -0.12        0.198147       0.0210668
             368               0        0.197609       0.0210164
             369           -0.12        0.196748       0.0209771
             370            0.04        0.196324       0.0209247
             371             0.2        0.196334       0.0208683
             372            0.32        0.196667       0.0208148
             373            0.16        0.196568       0.0207593
             374            0.08        0.196257       0.0207061
             375            0.04         0.19584       0.0206551
             376            0.04        0.195426       0.0206043
             377            0.08        0.195119       0.0205519
             378             0.4        0.195661       0.0205047
             379            0.36        0.196095       0.0204552
             380            0.36        0.196526       0.0204059
             381            0.44        0.197165       0.0203623
             382            0.44        0.197801        0.020319
             383            0.48        0.198538       0.0202793
             384            0.52        0.199375       0.0202437
             385            0.64        0.200519       0.0202235
             386            0.52        0.201347        0.020188
             387            0.28         0.20155       0.0201369
             388            0.36        0.201959       0.0200891
             389            0.36        0.202365       0.0200416
             390            0.56        0.203282       0.0200111
             391             0.4        0.203785       0.0199663
             392            0.44        0.204388       0.0199244
             393            0.12        0.204173       0.0198749
             394            0.08        0.203858        0.019827
             395            0.08        0.203544       0.0197792
             396            0.16        0.203434       0.0197296
             397               0        0.202922       0.0196866
             398               0        0.202412       0.0196437
             399             0.2        0.202406       0.0195945
             400            0.16          0.2023       0.0195458
             401            0.08        0.201995       0.0194994
             402            0.24         0.20209       0.0194511
             403             0.2        0.202084       0.0194029
             404            0.24        0.202178       0.0193551
             405            0.52        0.202963       0.0193232
             406             0.2        0.202956       0.0192756
             407            0.28        0.203145       0.0192291
             408            0.28        0.203333       0.0191829
             409            0.36        0.203716       0.0191399
             410            0.44        0.204293       0.0191019
             411            0.52        0.205061       0.0190708
             412            0.44        0.205631        0.019033
             413             0.4        0.206102       0.0189928
             414            0.28         0.20628       0.0189477
             415            0.52        0.207036       0.0189172
             416             0.6        0.207981       0.0188953
             417             0.6        0.208921       0.0188733
             418            0.68        0.210048       0.0188618
             419             0.6        0.210979       0.0188397
             420            0.64           0.212       0.0188225
             421            0.68        0.213112       0.0188106
             422            0.84        0.214597       0.0188246
             423             0.6        0.215508       0.0188021
             424            0.76        0.216792       0.0188016
             425            0.84        0.218259       0.0188145
             426            0.88        0.219812       0.0188343
             427            0.84        0.221265       0.0188461
             428               1        0.223084       0.0188897
             429               1        0.224895       0.0189323
             430            0.92        0.226512       0.0189572
             431               1        0.228306       0.0189979
             432            0.96            0.23       0.0190293
             433            0.76        0.231224       0.0190247
             434             0.8        0.232535       0.0190259
             435             0.8        0.233839       0.0190269
             436            0.68        0.234862       0.0190107
             437            0.56        0.235606       0.0189818
             438            0.28        0.235708       0.0189387
             439            0.44        0.236173       0.0189013
             440             0.4        0.236545        0.018862
             441            0.36        0.236825       0.0188213
             442            0.52        0.237466       0.0187896
             443            0.52        0.238104        0.018758
             444            0.48        0.238649       0.0187237
             445            0.44        0.239101       0.0186871
             446            0.76        0.240269       0.0186816
             447            0.84        0.241611        0.018688
             448             0.8        0.242857       0.0186878
             449            0.52        0.243474       0.0186563
             450            0.52        0.244089        0.018625
             451            0.56        0.244789       0.0185969
             452            0.72        0.245841       0.0185854
             453             0.6        0.246623       0.0185608
             454            0.84         0.24793       0.0185659
             455             0.8        0.249143       0.0185647
             456             0.8        0.250351       0.0185632
             457             0.6        0.251116       0.0185384
             458            0.52        0.251703       0.0185072
             459             0.6        0.252462       0.0184824
             460            0.52        0.253043       0.0184514
             461            0.44        0.253449       0.0184158
             462            0.44        0.253853       0.0183804
             463            0.24        0.253823       0.0183407
             464             0.4        0.254138       0.0183039
             465             0.2        0.254022       0.0182649
             466            0.32        0.254163       0.0182263
             467            0.48        0.254647       0.0181937
             468            0.32        0.254786       0.0181553
             469            0.32        0.254925       0.0181171
             470            0.48        0.255404       0.0180849
             471            0.44        0.255796       0.0180508
             472            0.44        0.256186       0.0180167
             473             0.4         0.25649       0.0179812
             474            0.36        0.256709       0.0179446
             475            0.32        0.256842       0.0179073
             476            0.36        0.257059        0.017871
             477            0.16        0.256855       0.0178347
             478            0.08        0.256485       0.0178012
             479           -0.08        0.255783       0.0177779
             480            0.12          0.2555       0.0177431
             481            0.04        0.255052       0.0177119
             482            0.12        0.254772       0.0176774
             483            0.04        0.254327       0.0176464
             484            0.16        0.254132        0.017611
             485             0.4        0.254433       0.0175772
             486            0.64        0.255226        0.017559
             487            0.48        0.255688        0.017529
             488            0.56        0.256311       0.0175041
             489            0.48        0.256769       0.0174743
             490            0.44        0.257143       0.0174427
             491            0.32        0.257271       0.0174076
             492             0.4        0.257561       0.0173746
             493            0.32        0.257688       0.0173399
             494            0.12        0.257409        0.017307
             495            0.04         0.25697       0.0172776
             496           -0.08         0.25629       0.0172561
             497           -0.04        0.255694       0.0172317
             498           -0.04          0.2551       0.0172073
             499           -0.16        0.254269       0.0171929
             500           -0.12         0.25352       0.0171748
             501           -0.08        0.252854       0.0171535
             502           -0.04        0.252271       0.0171292
             503            0.08        0.251928       0.0170986
             504            0.08        0.251587       0.0170681
             505            0.04        0.251168       0.0170394
             506            0.04        0.250751       0.0170108
             507           -0.28        0.249704       0.0170095
             508           -0.16        0.248898       0.0169951
             509           -0.24        0.247937       0.0169888
             510           -0.24         0.24698       0.0169824
             511           -0.04        0.246419       0.0169585
             512            0.16         0.24625       0.0169262
             513             0.2         0.24616       0.0168934
             514            0.28        0.246226       0.0168607
             515            0.16        0.246058       0.0168288
             516            0.08        0.245736       0.0167993
             517               0        0.245261       0.0167735
             518            0.16        0.245097       0.0167419
             519           -0.04        0.244547       0.0167187
             520            0.04        0.244154       0.0166911
             521            0.28        0.244223       0.0166592
             522             0.2        0.244138       0.0166275
             523            0.12        0.243901       0.0165974
             524             0.2        0.243817        0.016566
             525            0.48        0.244267       0.0165405
             526            0.52        0.244791       0.0165174
             527            0.48        0.245237       0.0164921
             528            0.12           0.245       0.0164626
             529            0.16        0.244839       0.0164322
             530            0.32        0.244981       0.0164018
             531             0.6         0.24565       0.0163846
             532            0.56        0.246241       0.0163644
             533             0.6        0.246904       0.0163472
             534            0.72         0.24779       0.0163405
             535            0.68        0.248598         0.01633
             536             0.8        0.249627       0.0163319
             537            0.88        0.250801       0.0163436
             538            0.84        0.251896       0.0163498
             539            0.84        0.252987       0.0163559
             540            0.68        0.253778       0.0163447
             541            0.56        0.254344       0.0163243
             542            0.32        0.254465       0.0162946
             543            0.48         0.25488       0.0162699
             544            0.44        0.255221       0.0162435
             545            0.12        0.254972       0.0162156
             546            0.04        0.254579       0.0161907
             547            -0.2        0.253748       0.0161824
             548           -0.08        0.253139       0.0161644
             549           -0.04        0.252605       0.0161437
             550            0.04        0.252218        0.016119
             551             0.2        0.252123         0.01609
             552            0.04        0.251739       0.0160655
             553           -0.12        0.251067       0.0160505
             554           -0.12        0.250397       0.0160355
             555            0.04        0.250018       0.0160111
             556            0.28        0.250072       0.0159824
             557            0.32        0.250197       0.0159542
             558            0.52        0.250681       0.0159329
             559            0.44         0.25102        0.015908
             560             0.4        0.251286       0.0158818
             561            0.56        0.251836        0.015863
             562            0.36        0.252028        0.015836
             563            0.32        0.252149       0.0158083
             564            0.28        0.252199       0.0157803
             565            0.36        0.252389       0.0157536
             566            0.44        0.252721       0.0157292
             567            0.52        0.253192       0.0157085
             568            0.68        0.253944       0.0156989
             569            0.84        0.254974        0.015705
             570            0.92         0.25614       0.0157207
             571            0.92        0.257303       0.0157361
             572            0.88        0.258392       0.0157462
             573            0.84        0.259407       0.0157514
             574            0.76        0.260279       0.0157481
             575            0.68        0.261009       0.0157376
             576            0.44        0.261319       0.0157134
             577             0.2        0.261213       0.0156865
             578            0.08          0.2609       0.0156625
             579               0        0.260449       0.0156419
             580            0.08        0.260138       0.0156181
             581               0         0.25969       0.0155976
             582               0        0.259244       0.0155772
             583             0.2        0.259142       0.0155508
             584            0.04        0.258767       0.0155287
             585               0        0.258325       0.0155084
             586             0.2        0.258225       0.0154823
             587            0.08        0.257922       0.0154589
             588           -0.12        0.257279        0.015446
             589           -0.28        0.256367       0.0154467
             590           -0.32         0.25539       0.0154513
             591           -0.24        0.254552       0.0154479
             592            -0.2        0.253784       0.0154409
             593           -0.12        0.253153       0.0154277
             594            0.04        0.252795       0.0154059
             595            -0.2        0.252034       0.0153988
             596           -0.48        0.250805       0.0154219
             597           -0.68        0.249246       0.0154746
             598           -0.44        0.248094       0.0154916
             599           -0.28        0.247212       0.0154908
             600           -0.16        0.246533       0.0154799
             601           -0.24        0.245724       0.0154753
             602           -0.36        0.244718       0.0154822
             603           -0.36        0.243715        0.015489
             604           -0.32        0.242781       0.0154915
             605           -0.32        0.241851       0.0154938
             606           -0.32        0.240924       0.0154959
             607           -0.28        0.240066       0.0154941
             608           -0.44        0.238947        0.015509
             609           -0.48        0.237767       0.0155284
             610            -0.4        0.236721       0.0155381
             611           -0.44        0.235614       0.0155521
             612            -0.6        0.234248       0.0155865
             613           -0.64        0.232822       0.0156262
             614           -0.72         0.23127       0.0156776
             615           -0.52        0.230049       0.0156996
             616           -0.36        0.229091       0.0157033
             617           -0.24        0.228331       0.0156962
             618            -0.2        0.227638       0.0156861
             619           -0.12        0.227076       0.0156709
             620           -0.08        0.226581       0.0156534
             621           -0.48        0.225443       0.0156695
             622           -0.36        0.224502       0.0156725
             623           -0.12        0.223949       0.0156571
             624           -0.24        0.223205       0.0156497
             625            0.04        0.222912       0.0156274
             626            0.12        0.222748       0.0156033
             627            0.32        0.222903       0.0155792
             628             0.4        0.223185       0.0155569
             629            0.28        0.223275       0.0155325
             630            0.24        0.223302       0.0155078
             631            0.04        0.223011        0.015486
             632           -0.04        0.222595       0.0154671
             633            0.04        0.222306       0.0154453
             634            0.12        0.222145       0.0154218
             635             0.2         0.22211       0.0153975
             636            0.32        0.222264       0.0153741
             637             0.4        0.222543       0.0153525
             638            0.48        0.222947       0.0153337
             639            0.16        0.222848       0.0153101
             640            0.04        0.222562       0.0152888
             641            0.12        0.222402       0.0152658
             642            0.12        0.222243       0.0152428
             643             0.2        0.222208       0.0152192
             644             0.2        0.222174       0.0151956
             645             0.4         0.22245       0.0151745
             646            0.32        0.222601       0.0151518
             647             0.4        0.222875       0.0151309
             648             0.2         0.22284       0.0151075
             649            0.24        0.222866       0.0150843
             650            0.44          0.2232       0.0150648
             651            0.52        0.223656       0.0150485
             652            0.36        0.223865       0.0150269
             653            0.36        0.224074       0.0150053
             654            0.48        0.224465       0.0149875
             655            0.52        0.224916       0.0149714
             656            0.36        0.225122         0.01495
             657            0.48         0.22551       0.0149323
             658            0.32        0.225653       0.0149103
             659            0.16        0.225554        0.014888
             660            0.32        0.225697       0.0148661
             661            0.28        0.225779       0.0148439
             662            0.28        0.225861       0.0148217
             663            0.24        0.225882       0.0147993
             664             0.2        0.225843       0.0147771
             665            0.24        0.225865       0.0147549
             666            0.32        0.226006       0.0147334
             667            0.36        0.226207       0.0147127
             668            0.36        0.226407        0.014692
             669            0.24        0.226428       0.0146701
             670            0.16        0.226328       0.0146485
             671            0.12         0.22617       0.0146275
             672            0.12        0.226012       0.0146066
             673            0.12        0.225854       0.0145858
             674            0.08        0.225638       0.0145657
             675             0.2          0.2256       0.0145442
             676            0.28         0.22568       0.0145229
             677             0.4        0.225938       0.0145037
             678             0.2          0.2259       0.0144824
             679            0.28        0.225979       0.0144613
             680            0.36        0.226176       0.0144414
             681            0.12        0.226021        0.014421
             682            0.28          0.2261       0.0144001
             683            0.08        0.225886       0.0143806
             684            0.12        0.225731       0.0143604
             685            0.12        0.225577       0.0143402
             686             0.4        0.225831       0.0143216
             687            0.32        0.225968       0.0143014
             688             0.4        0.226221       0.0142829
             689             0.4        0.226473       0.0142644
             690            0.52        0.226899         0.01425
             691            0.52        0.227323       0.0142357
             692            0.56        0.227803       0.0142233
             693             0.4        0.228052       0.0142049
             694            0.48        0.228415       0.0141891
             695            0.56        0.228892       0.0141767
             696             0.6        0.229425       0.0141663
             697            0.52        0.229842       0.0141521
             698            0.48        0.230201       0.0141364
             699            0.32        0.230329       0.0141168
             700            0.32        0.230457       0.0140972
