#     BLOCK:   ACTUAL_M:     M_AVE:      ERROR:
               1               1               1               0
               2               1               1               0
               3               1               1               0
               4               1               1               0
               5               1               1               0
               6               1               1               0
               7               1               1               0
               8               1               1               0
               9               1               1               0
              10               1               1               0
              11               1               1               0
              12               1               1               0
              13               1               1               0
              14               1               1               0
              15               1               1               0
              16               1               1               0
              17               1               1               0
              18               1               1               0
              19               1               1               0
              20               1               1               0
              21               1               1               0
              22               1               1               0
              23               1               1               0
              24               1               1               0
              25               1               1               0
              26               1               1               0
              27               1               1               0
              28               1               1               0
              29               1               1               0
              30               1               1               0
              31               1               1               0
              32               1               1               0
              33               1               1               0
              34               1               1               0
              35               1               1               0
              36               1               1               0
              37               1               1               0
              38               1               1               0
              39               1               1               0
              40               1               1               0
              41               1               1               0
              42               1               1               0
              43               1               1               0
              44               1               1               0
              45               1               1               0
              46               1               1               0
              47               1               1               0
              48               1               1               0
              49               1               1               0
              50               1               1               0
              51               1               1               0
              52               1               1               0
              53               1               1               0
              54               1               1               0
              55               1               1               0
              56               1               1               0
              57               1               1               0
              58               1               1               0
              59               1               1               0
              60               1               1               0
              61               1               1               0
              62               1               1               0
              63               1               1               0
              64               1               1               0
              65               1               1               0
              66               1               1               0
              67               1               1               0
              68               1               1               0
              69               1               1               0
              70               1               1               0
              71               1               1               0
              72               1               1               0
              73               1               1               0
              74               1               1               0
              75               1               1               0
              76               1               1               0
              77               1               1               0
              78               1               1               0
              79               1               1               0
              80               1               1               0
              81               1               1               0
              82               1               1               0
              83               1               1               0
              84               1               1               0
              85               1               1               0
              86               1               1               0
              87               1               1               0
              88               1               1               0
              89               1               1               0
              90               1               1               0
              91               1               1               0
              92               1               1               0
              93               1               1               0
              94               1               1               0
              95               1               1               0
              96               1               1               0
              97               1               1               0
              98               1               1               0
              99               1               1               0
             100               1               1               0
             101               1               1               0
             102               1               1               0
             103               1               1               0
             104               1               1               0
             105               1               1               0
             106               1               1               0
             107               1               1               0
             108               1               1               0
             109               1               1               0
             110               1               1               0
             111               1               1               0
             112               1               1               0
             113               1               1               0
             114               1               1               0
             115               1               1               0
             116               1               1               0
             117               1               1               0
             118               1               1               0
             119               1               1               0
             120               1               1               0
             121               1               1               0
             122               1               1               0
             123               1               1               0
             124               1               1               0
             125               1               1               0
             126               1               1               0
             127               1               1               0
             128               1               1               0
             129               1               1               0
             130               1               1               0
             131               1               1               0
             132               1               1               0
             133               1               1               0
             134               1               1               0
             135               1               1               0
             136               1               1               0
             137               1               1               0
             138               1               1               0
             139               1               1               0
             140               1               1               0
             141               1               1               0
             142               1               1               0
             143               1               1               0
             144               1               1               0
             145               1               1               0
             146               1               1               0
             147               1               1               0
             148               1               1               0
             149               1               1               0
             150               1               1               0
             151               1               1               0
             152               1               1               0
             153               1               1               0
             154               1               1               0
             155            0.96        0.999742     0.000257231
             156            0.96        0.999487     0.000360287
             157            0.96        0.999236      0.00043705
             158            0.96        0.998987     0.000499879
             159            0.92        0.998491     0.000701413
             160            0.88         0.99775      0.00101531
             161            0.88        0.997019      0.00124486
             162             0.8        0.995802       0.0017322
             163            0.76        0.994356      0.00224583
             164            0.76        0.992927      0.00264802
             165            0.72        0.991273      0.00310592
             166            0.68        0.989398      0.00360913
             167            0.64        0.987305      0.00414987
             168            0.64        0.985238      0.00461143
             169             0.6        0.982959      0.00511662
             170            0.64        0.980941       0.0054698
             171            0.64        0.978947       0.0057898
             172             0.6        0.976744      0.00616108
             173            0.68        0.975029      0.00635976
             174            0.64        0.973103      0.00660826
             175            0.68        0.971429      0.00677942
             176            0.56        0.969091      0.00713256
             177             0.6        0.967006       0.0073908
             178            0.72        0.965618      0.00747842
             179            0.72        0.964246      0.00756148
             180            0.72        0.962889      0.00764025
             181            0.72        0.961547      0.00771498
             182             0.6         0.95956      0.00792422
             183             0.6        0.957596      0.00812085
             184             0.6        0.955652      0.00830602
             185             0.6         0.95373      0.00848068
             186            0.56        0.951613      0.00869526
             187            0.56        0.949519      0.00889737
             188            0.48        0.947021      0.00919387
             189            0.56        0.944974       0.0093705
             190            0.64        0.943368      0.00945765
             191            0.64         0.94178      0.00954058
             192            0.56        0.939792      0.00969589
             193            0.52        0.937617      0.00988661
             194            0.48        0.935258       0.0101131
             195            0.44        0.932718       0.0103753
             196            0.36        0.929796       0.0107259
             197            0.36        0.926904       0.0110546
             198             0.4        0.924242       0.0113145
             199             0.4        0.921608       0.0115603
             200            0.44          0.9192       0.0117506
             201             0.4        0.916617       0.0119727
             202             0.4        0.914059       0.0121835
             203            0.36         0.91133       0.0124255
             204            0.44         0.90902       0.0125775
             205            0.44        0.906732       0.0127226
             206            0.44        0.904466        0.012861
             207            0.52        0.902609       0.0129322
             208            0.56        0.900962       0.0129745
             209            0.56         0.89933       0.0130146
             210            0.48        0.897333       0.0131049
             211             0.4        0.894976       0.0132531
             212            0.32        0.892264       0.0134652
             213            0.28         0.88939       0.0137054
             214            0.32        0.886729       0.0138972
             215            0.28        0.883907       0.0141162
             216            0.32        0.881296       0.0142902
             217            0.28        0.878525       0.0144905
             218            0.24        0.875596       0.0147171
             219            0.16        0.872329       0.0150083
             220            0.36            0.87       0.0151196
             221             0.4        0.867873       0.0152001
             222             0.4        0.865766        0.015277
             223            0.44        0.863857       0.0153273
             224            0.56          0.8625       0.0153188
             225            0.68        0.861689       0.0152722
             226            0.72        0.861062       0.0152175
             227            0.72        0.860441       0.0151631
             228            0.72        0.859825       0.0151091
             229            0.68        0.859039       0.0150635
             230            0.76        0.858609       0.0150042
             231            0.48         0.85697       0.0150285
             232            0.52        0.855517       0.0150337
             233            0.44        0.853734       0.0150746
             234            0.36        0.851624       0.0151571
             235            0.56        0.850383       0.0151434
             236            0.56        0.849153       0.0151291
             237            0.52        0.847764       0.0151289
             238            0.52        0.846387       0.0151279
             239            0.48        0.844854        0.015142
             240            0.56        0.843667       0.0151254
             241            0.52        0.842324       0.0151221
             242            0.64        0.841488       0.0150827
             243             0.6        0.840494       0.0150534
             244             0.4        0.838689       0.0150995
             245            0.52        0.837388       0.0150938
             246            0.48        0.835935       0.0151022
             247             0.4         0.83417       0.0151439
             248            0.44        0.832581        0.015166
             249            0.32        0.830522       0.0152441
             250            0.44         0.82896        0.015263
             251             0.4        0.827251       0.0152976
             252            0.52        0.826032       0.0152854
             253            0.64        0.825296       0.0152426
             254             0.6        0.824409       0.0152084
             255            0.64        0.823686       0.0151659
             256            0.64        0.822969       0.0151237
             257            0.68        0.822412        0.015075
             258            0.68         0.82186       0.0150267
             259            0.72        0.821467       0.0149738
             260             0.8        0.821385       0.0149165
             261            0.84        0.821456       0.0148595
             262             0.8        0.821374        0.014803
             263             0.8        0.821293        0.014747
             264             0.8        0.821212       0.0146913
             265            0.84        0.821283        0.014636
             266            0.84        0.821353       0.0145812
             267            0.84        0.821423       0.0145267
             268            0.92        0.821791       0.0144772
             269               1        0.822454       0.0144385
             270               1        0.823111          0.0144
             271               1        0.823764       0.0143617
             272               1        0.824412       0.0143235
             273               1        0.825055       0.0142854
             274               1        0.825693       0.0142476
             275               1        0.826327       0.0142099
             276               1        0.826957       0.0141723
             277               1        0.827581       0.0141349
             278               1        0.828201       0.0140976
             279               1        0.828817       0.0140606
             280               1        0.829429       0.0140236
             281               1        0.830036       0.0139869
             282               1        0.830638       0.0139502
             283               1        0.831237       0.0139138
             284               1        0.831831       0.0138775
             285               1        0.832421       0.0138413
             286               1        0.833007       0.0138053
             287               1        0.833589       0.0137695
             288               1        0.834167       0.0137338
             289               1         0.83474       0.0136982
             290               1         0.83531       0.0136628
             291               1        0.835876       0.0136276
             292               1        0.836438       0.0135925
             293               1        0.836997       0.0135576
             294               1        0.837551       0.0135228
             295               1        0.838102       0.0134882
             296               1        0.838649       0.0134537
             297               1        0.839192       0.0134194
             298               1        0.839732       0.0133852
             299               1        0.840268       0.0133511
             300               1          0.8408       0.0133172
             301               1        0.841329       0.0132835
             302               1        0.841854       0.0132499
             303               1        0.842376       0.0132164
             304               1        0.842895       0.0131831
             305               1         0.84341         0.01315
             306               1        0.843922        0.013117
             307               1         0.84443       0.0130841
             308               1        0.844935       0.0130513
             309               1        0.845437       0.0130187
             310               1        0.845935       0.0129863
             311               1        0.846431        0.012954
             312               1        0.846923       0.0129218
             313               1        0.847412       0.0128898
             314               1        0.847898       0.0128579
             315               1        0.848381       0.0128261
             316               1        0.848861       0.0127945
             317               1        0.849338        0.012763
             318               1        0.849811       0.0127317
             319               1        0.850282       0.0127005
             320               1         0.85075       0.0126694
             321               1        0.851215       0.0126385
             322               1        0.851677       0.0126077
             323               1        0.852136        0.012577
             324               1        0.852593       0.0125464
             325               1        0.853046        0.012516
             326               1        0.853497       0.0124858
             327               1        0.853945       0.0124556
             328               1         0.85439       0.0124256
             329               1        0.854833       0.0123957
             330               1        0.855273       0.0123659
             331               1         0.85571       0.0123363
             332               1        0.856145       0.0123068
             333               1        0.856577       0.0122774
             334               1        0.857006       0.0122482
             335               1        0.857433       0.0122191
             336               1        0.857857       0.0121901
             337               1        0.858279       0.0121612
             338               1        0.858698       0.0121324
             339               1        0.859115       0.0121038
             340               1        0.859529       0.0120753
             341               1        0.859941       0.0120469
             342               1        0.860351       0.0120186
             343               1        0.860758       0.0119905
             344               1        0.861163       0.0119625
             345               1        0.861565       0.0119346
             346               1        0.861965       0.0119068
             347               1        0.862363       0.0118791
             348               1        0.862759       0.0118515
             349               1        0.863152       0.0118241
             350               1        0.863543       0.0117968
             351               1        0.863932       0.0117696
             352               1        0.864318       0.0117425
             353               1        0.864703       0.0117155
             354               1        0.865085       0.0116887
             355               1        0.865465       0.0116619
             356               1        0.865843       0.0116353
             357               1        0.866218       0.0116087
             358            0.96         0.86648       0.0115793
             359            0.96        0.866741       0.0115499
             360            0.96           0.867       0.0115208
             361               1        0.867368       0.0114947
             362               1        0.867735       0.0114688
             363               1        0.868099        0.011443
             364               1        0.868462       0.0114173
             365               1        0.868822       0.0113917
             366               1         0.86918       0.0113662
             367               1        0.869537       0.0113409
             368               1        0.869891       0.0113156
             369               1        0.870244       0.0112904
             370               1        0.870595       0.0112653
             371               1        0.870943       0.0112404
             372               1         0.87129       0.0112155
             373               1        0.871635       0.0111907
             374               1        0.871979       0.0111661
             375               1         0.87232       0.0111415
             376               1         0.87266       0.0111171
             377               1        0.872997       0.0110927
             378               1        0.873333       0.0110684
             379               1        0.873668       0.0110443
             380               1           0.874       0.0110202
             381               1        0.874331       0.0109963
             382               1         0.87466       0.0109724
             383               1        0.874987       0.0109486
             384               1        0.875312        0.010925
             385               1        0.875636       0.0109014
             386               1        0.875959       0.0108779
             387               1        0.876279       0.0108545
             388               1        0.876598       0.0108312
             389               1        0.876915        0.010808
             390               1        0.877231       0.0107849
             391               1        0.877545       0.0107619
             392               1        0.877857        0.010739
             393               1        0.878168       0.0107161
             394               1        0.878477       0.0106934
             395               1        0.878785       0.0106708
             396               1        0.879091       0.0106482
             397               1        0.879395       0.0106257
             398               1        0.879698       0.0106034
             399               1            0.88       0.0105811
             400               1          0.8803       0.0105589
             401               1        0.880599       0.0105368
             402               1        0.880896       0.0105147
             403               1        0.881191       0.0104928
             404               1        0.881485       0.0104709
             405               1        0.881778       0.0104492
             406               1        0.882069       0.0104275
             407               1        0.882359       0.0104059
             408               1        0.882647       0.0103844
             409               1        0.882934        0.010363
             410               1         0.88322       0.0103416
             411               1        0.883504       0.0103204
             412               1        0.883786       0.0102992
             413               1        0.884068       0.0102781
             414               1        0.884348       0.0102571
             415               1        0.884627       0.0102361
             416               1        0.884904       0.0102153
             417               1         0.88518       0.0101945
             418               1        0.885455       0.0101738
             419            0.96        0.885632       0.0101511
             420            0.92        0.885714       0.0101273
             421            0.96        0.885891       0.0101048
             422            0.96        0.886066       0.0100823
             423               1        0.886336       0.0100621
             424               1        0.886604       0.0100419
             425               1        0.886871       0.0100219
             426               1        0.887136       0.0100018
             427               1          0.8874      0.00998192
             428               1        0.887664      0.00996206
             429               1        0.887925      0.00994228
             430               1        0.888186      0.00992257
             431               1        0.888445      0.00990294
             432               1        0.888704      0.00988338
             433               1        0.888961       0.0098639
             434               1        0.889217      0.00984449
             435               1        0.889471      0.00982515
             436               1        0.889725      0.00980589
             437               1        0.889977       0.0097867
             438               1        0.890228      0.00976758
             439               1        0.890478      0.00974853
             440               1        0.890727      0.00972955
             441               1        0.890975      0.00971064
             442               1        0.891222       0.0096918
             443               1        0.891467      0.00967303
             444               1        0.891712      0.00965434
             445               1        0.891955      0.00963571
             446               1        0.892197      0.00961715
             447               1        0.892438      0.00959866
             448               1        0.892679      0.00958023
             449               1        0.892918      0.00956188
             450               1        0.893156      0.00954359
             451            0.96        0.893304      0.00952358
             452            0.96        0.893451      0.00950365
             453            0.96        0.893598      0.00948381
             454            0.88        0.893568      0.00946297
             455            0.88        0.893538      0.00944222
             456            0.92        0.893596      0.00942169
             457             0.8        0.893392       0.0094033
             458            0.84        0.893275      0.00938349
             459            0.84        0.893159      0.00936376
             460            0.92        0.893217      0.00934359
             461            0.88        0.893189      0.00932336
             462            0.84        0.893074      0.00930389
             463            0.96        0.893218      0.00928492
             464               1        0.893448      0.00926776
             465               1        0.893677      0.00925066
             466               1        0.893906      0.00923363
             467               1        0.894133      0.00921665
             468               1        0.894359      0.00919973
             469               1        0.894584      0.00918287
             470               1        0.894809      0.00916607
             471               1        0.895032      0.00914933
             472               1        0.895254      0.00913265
             473               1        0.895476      0.00911603
             474               1        0.895696      0.00909946
             475               1        0.895916      0.00908295
             476               1        0.896134       0.0090665
             477               1        0.896352      0.00905011
             478               1        0.896569      0.00903378
             479               1        0.896785       0.0090175
             480               1           0.897      0.00900127
             481               1        0.897214      0.00898511
             482               1        0.897427        0.008969
             483               1         0.89764      0.00895294
             484               1        0.897851      0.00893694
             485               1        0.898062      0.00892099
             486               1        0.898272       0.0089051
             487               1         0.89848      0.00888927
             488               1        0.898689      0.00887349
             489               1        0.898896      0.00885776
             490               1        0.899102      0.00884208
             491               1        0.899308      0.00882646
             492               1        0.899512       0.0088109
             493               1        0.899716      0.00879538
             494               1        0.899919      0.00877992
             495               1        0.900121      0.00876451
             496               1        0.900323      0.00874915
             497               1        0.900523      0.00873385
             498               1        0.900723      0.00871859
             499               1        0.900922      0.00870339
             500               1         0.90112      0.00868824
             501               1        0.901317      0.00867314
             502               1        0.901514      0.00865809
             503               1         0.90171      0.00864309
             504               1        0.901905      0.00862814
             505               1        0.902099      0.00861324
             506               1        0.902292      0.00859839
             507               1        0.902485      0.00858359
             508               1        0.902677      0.00856884
             509               1        0.902868      0.00855414
             510            0.96         0.90298       0.0085381
             511               1         0.90317       0.0085235
             512               1        0.903359      0.00850895
             513               1        0.903548      0.00849445
             514               1        0.903735         0.00848
             515               1        0.903922      0.00846559
             516               1        0.904109      0.00845123
             517               1        0.904294      0.00843692
             518               1        0.904479      0.00842266
             519               1        0.904663      0.00840844
             520            0.96        0.904769      0.00839294
             521               1        0.904952      0.00837882
             522               1        0.905134      0.00836475
             523               1        0.905315      0.00835072
             524               1        0.905496      0.00833674
             525               1        0.905676       0.0083228
             526               1        0.905856      0.00830891
             527               1        0.906034      0.00829507
             528               1        0.906212      0.00828126
             529               1        0.906389      0.00826751
             530               1        0.906566       0.0082538
             531               1        0.906742      0.00824013
             532               1        0.906917       0.0082265
             533               1        0.907092      0.00821292
             534               1        0.907266      0.00819938
             535               1        0.907439      0.00818589
             536            0.96        0.907537      0.00817121
             537               1        0.907709       0.0081578
             538               1        0.907881      0.00814444
             539               1        0.908052      0.00813113
             540               1        0.908222      0.00811785
             541               1        0.908392      0.00810462
             542               1        0.908561      0.00809143
             543               1        0.908729      0.00807828
             544               1        0.908897      0.00806517
             545               1        0.909064       0.0080521
             546               1        0.909231      0.00803908
             547               1        0.909397      0.00802609
             548               1        0.909562      0.00801315
             549               1        0.909727      0.00800025
             550               1        0.909891      0.00798739
             551               1        0.910054      0.00797456
             552               1        0.910217      0.00796178
             553               1         0.91038      0.00794904
             554               1        0.910542      0.00793634
             555               1        0.910703      0.00792367
             556               1        0.910863      0.00791105
             557               1        0.911023      0.00789847
             558               1        0.911183      0.00788592
             559               1        0.911342      0.00787341
             560               1          0.9115      0.00786094
             561               1        0.911658      0.00784852
             562               1        0.911815      0.00783612
             563               1        0.911972      0.00782377
             564               1        0.912128      0.00781146
             565               1        0.912283      0.00779918
             566               1        0.912438      0.00778694
             567            0.88        0.912381      0.00777341
             568             0.8        0.912183      0.00776225
             569            0.68        0.911775      0.00775932
             570            0.68        0.911368      0.00775636
             571             0.6        0.910823      0.00776192
             572            0.64         0.91035      0.00776278
             573            0.52        0.909668      0.00777906
             574            0.44         0.90885      0.00780842
             575            0.44        0.908035       0.0078373
             576            0.44        0.907222      0.00786571
             577            0.56         0.90662      0.00787506
             578            0.64        0.906159      0.00787493
             579            0.48        0.905423      0.00789565
             580            0.48         0.90469      0.00791604
             581            0.52        0.904028      0.00793005
             582            0.48        0.903299      0.00794983
             583             0.6        0.902779      0.00795319
             584            0.68        0.902397      0.00794872
             585            0.64        0.901949      0.00794778
             586            0.68         0.90157      0.00794323
             587             0.6        0.901056       0.0079463
             588            0.52        0.900408      0.00795917
             589            0.48        0.899694      0.00797759
             590            0.56        0.899119      0.00798482
             591            0.56        0.898545       0.0079919
             592             0.6        0.898041       0.0079943
             593            0.52        0.897403      0.00800619
             594            0.56        0.896835      0.00801284
             595             0.6        0.896336      0.00801489
             596            0.64        0.895906      0.00801297
             597            0.64        0.895477      0.00801101
             598            0.64         0.89505      0.00800899
             599             0.6        0.894558      0.00801076
             600            0.64        0.894133      0.00800863
             601             0.6        0.893644      0.00801025
             602            0.52        0.893023      0.00802095
             603            0.44        0.892272      0.00804276
             604            0.52        0.891656      0.00805302
             605            0.56        0.891107      0.00805835
             606            0.48        0.890429      0.00807356
             607             0.4        0.889621      0.00810058
             608            0.44        0.888882      0.00812094
             609             0.4        0.888079      0.00814719
             610            0.36        0.887213       0.0081797
             611             0.4        0.886416      0.00820509
             612            0.36        0.885556      0.00823664
             613            0.32        0.884633      0.00827471
             614            0.24        0.883583      0.00832758
             615             0.2        0.882472      0.00838789
             616            0.16        0.881299      0.00845587
             617            0.24        0.880259       0.0085058
             618            0.32        0.879353      0.00854022
             619            0.28        0.878384      0.00858113
             620            0.32        0.877484      0.00861442
             621            0.32        0.876586       0.0086472
             622            0.36        0.875756      0.00867309
             623            0.32        0.874864      0.00870493
             624            0.28         0.87391      0.00874302
             625            0.24        0.872896      0.00878767
             626             0.4        0.872141      0.00880604
             627            0.48        0.871515      0.00881417
             628            0.48        0.870892      0.00882216
             629            0.48         0.87027      0.00882999
             630            0.68        0.869968      0.00882114
             631            0.68        0.869667       0.0088123
             632            0.64        0.869304      0.00880584
             633             0.6        0.868878       0.0088022
             634            0.68         0.86858      0.00879336
             635            0.76        0.868409      0.00878118
             636             0.8        0.868302      0.00876803
             637             0.8        0.868195      0.00875492
             638            0.88        0.868213      0.00874122
             639            0.88        0.868232      0.00872756
             640            0.88         0.86825      0.00871394
             641            0.96        0.868393      0.00870152
             642            0.84        0.868349      0.00868808
             643            0.92        0.868429      0.00867494
             644            0.96        0.868571      0.00866263
             645            0.92        0.868651      0.00864957
             646               1        0.868854      0.00863857
             647               1        0.869057      0.00862759
             648               1        0.869259      0.00861665
             649               1        0.869461      0.00860572
             650               1        0.869662      0.00859483
             651               1        0.869862      0.00858396
             652               1        0.870061      0.00857311
             653               1         0.87026      0.00856229
             654               1        0.870459       0.0085515
             655               1        0.870656      0.00854073
             656               1        0.870854      0.00852998
             657               1         0.87105      0.00851927
             658               1        0.871246      0.00850857
             659               1        0.871442       0.0084979
             660               1        0.871636      0.00848726
             661               1        0.871831      0.00847664
             662               1        0.872024      0.00846605
             663               1        0.872217      0.00845548
             664               1         0.87241      0.00844493
             665               1        0.872602      0.00843441
             666               1        0.872793      0.00842392
             667               1        0.872984      0.00841345
             668               1        0.873174        0.008403
             669               1        0.873363      0.00839258
             670               1        0.873552      0.00838218
             671               1        0.873741      0.00837181
             672               1        0.873929      0.00836146
             673               1        0.874116      0.00835113
             674               1        0.874303      0.00834083
             675               1        0.874489      0.00833055
             676               1        0.874675       0.0083203
             677               1         0.87486      0.00831007
             678               1        0.875044      0.00829986
             679               1        0.875228      0.00828967
             680               1        0.875412      0.00827951
             681               1        0.875595      0.00826938
             682               1        0.875777      0.00825926
             683               1        0.875959      0.00824917
             684               1         0.87614      0.00823911
             685               1        0.876321      0.00822906
             686               1        0.876501      0.00821904
             687            0.92        0.876565      0.00820732
             688            0.96        0.876686      0.00819629
             689               1        0.876865      0.00818635
             690               1        0.877043      0.00817643
             691               1        0.877221      0.00816653
             692               1        0.877399      0.00815666
             693               1        0.877576       0.0081468
             694               1        0.877752      0.00813697
             695               1        0.877928      0.00812717
             696               1        0.878103      0.00811738
             697               1        0.878278      0.00810762
             698               1        0.878453      0.00809788
             699               1        0.878627      0.00808816
             700               1          0.8788      0.00807847
