#     BLOCK:   ACTUAL_M:     M_AVE:      ERROR:
               1           -0.12           -0.12               0
               2           -0.08            -0.1       0.0141421
               3            0.08           -0.04       0.0498888
               4            0.28            0.04       0.0787401
               5            -0.2          -0.008       0.0762312
               6           -0.16      -0.0333333       0.0676045
               7           -0.32      -0.0742857       0.0692484
               8           -0.04           -0.07       0.0607248
               9           -0.08      -0.0711111       0.0539878
              10            0.08          -0.056       0.0506596
              11            0.36      -0.0181818       0.0584909
              12            0.32            0.01       0.0600231
              13             0.2       0.0246154       0.0571577
              14           -0.08       0.0171429       0.0535612
              15               0           0.016       0.0500027
              16               0           0.015       0.0468875
              17            0.08       0.0188235        0.044285
              18            0.36       0.0377778       0.0457014
              19            0.24       0.0484211       0.0445181
              20             0.4           0.066       0.0456311
              21            0.24       0.0742857       0.0442041
              22             0.4       0.0890909       0.0446053
              23             0.2        0.093913       0.0429258
              24            0.16       0.0966667       0.0412254
              25            0.16          0.0992       0.0396542
              26            0.08       0.0984615       0.0381359
              27            0.04       0.0962963       0.0367849
              28            0.24        0.101429       0.0358274
              29            0.24        0.106207       0.0349091
              30            0.04           0.104       0.0338152
              31             0.2        0.107097       0.0328659
              32             0.2            0.11       0.0319668
              33            0.08        0.109091        0.031011
              34            0.24        0.112941        0.030337
              35            0.08           0.112       0.0294848
              36            0.12        0.112222       0.0286666
              37           -0.04        0.108108       0.0281855
              38           -0.04        0.104211        0.027712
              39               0        0.101538       0.0271299
              40           -0.32           0.091       0.0284249
              41           -0.24       0.0829268       0.0288553
              42            -0.2       0.0761905       0.0289439
              43            0.04       0.0753488        0.028283
              44            0.28            0.08       0.0280201
              45            0.16       0.0817778       0.0274537
              46            0.04       0.0808696       0.0268719
              47            0.12       0.0817021       0.0263131
              48            0.04       0.0808333       0.0257792
              49           -0.04       0.0783673       0.0253708
              50               0          0.0768       0.0249117
              51           -0.12       0.0729412       0.0247203
              52           -0.12       0.0692308       0.0245218
              53            -0.2       0.0641509       0.0245797
              54           -0.04       0.0622222       0.0242001
              55            0.24       0.0654545       0.0239749
              56               0       0.0642857       0.0235753
              57            0.12       0.0652632       0.0231819
              58            0.16       0.0668966       0.0228397
              59            0.24       0.0698305       0.0226403
              60             0.2           0.072       0.0223666
              61            0.24       0.0747541       0.0221689
              62            0.28       0.0780645       0.0220571
              63            0.04       0.0774603       0.0217153
              64           -0.12        0.074375        0.021594
              65           -0.12       0.0713846       0.0214679
              66           -0.28       0.0660606       0.0217928
              67           -0.16       0.0626866       0.0217271
              68            0.08       0.0629412       0.0214091
              69            0.04       0.0626087       0.0211014
              70               0       0.0617143       0.0208189
              71            0.12       0.0625352       0.0205419
              72            0.12       0.0633333       0.0202721
              73            0.12       0.0641096       0.0200092
              74           -0.04       0.0627027       0.0197882
              75            0.16           0.064       0.0195669
              76            0.04       0.0636842        0.019312
              77            0.08       0.0638961       0.0190623
              78           -0.08       0.0620513        0.018907
              79           -0.04       0.0607595       0.0187117
              80           -0.12          0.0585       0.0186138
              81           -0.36       0.0533333       0.0190876
              82            0.08       0.0536585       0.0188575
              83            0.52       0.0592771       0.0194494
              84            0.32        0.062381       0.0194639
              85             0.2           0.064       0.0193022
              86            0.16       0.0651163         0.01911
              87            0.16       0.0662069       0.0189214
              88            0.24       0.0681818       0.0188092
              89               0       0.0674157       0.0186134
              90            0.08       0.0675556       0.0184071
              91            0.12       0.0681319       0.0182139
              92            0.08       0.0682609       0.0180164
              93           -0.12       0.0662366        0.017936
              94           -0.04       0.0651064       0.0177808
              95            0.08       0.0652632       0.0175943
              96             0.2       0.0666667       0.0174669
              97            0.12       0.0672165       0.0172955
              98           -0.04       0.0661224       0.0171536
              99            0.12       0.0666667       0.0169889
             100           -0.04          0.0656       0.0168525
             101               0       0.0649505       0.0166981
             102               0       0.0643137       0.0165466
             103            0.04       0.0640777       0.0163876
             104            0.04       0.0638462       0.0162317
             105            -0.2       0.0613333       0.0162704
             106            0.16       0.0622642       0.0161435
             107            0.04       0.0620561        0.015994
             108            0.12       0.0625926       0.0158549
             109            0.28       0.0645872       0.0158344
             110            0.16       0.0654545       0.0157142
             111            0.36       0.0681081       0.0157951
             112            0.44       0.0714286       0.0159993
             113            0.12       0.0718584       0.0158635
             114            0.24       0.0733333       0.0157927
             115            0.28       0.0751304       0.0157573
             116            0.32       0.0772414       0.0157622
             117            0.52       0.0810256       0.0160754
             118            0.16       0.0816949       0.0159531
             119            0.24       0.0830252       0.0158744
             120            0.44           0.086       0.0160184
             121            0.24       0.0872727       0.0159365
             122            0.24       0.0885246        0.015855
             123            0.32       0.0904065       0.0158373
             124            0.28       0.0919355       0.0157833
             125            0.08         0.09184       0.0156573
             126            -0.2       0.0895238       0.0157034
             127               0       0.0888189       0.0155956
             128           -0.08          0.0875       0.0155294
             129            0.16        0.088062       0.0154192
             130               0       0.0873846       0.0153154
             131           -0.04       0.0864122       0.0152294
             132           -0.12       0.0848485       0.0151941
             133           -0.16       0.0830075       0.0151909
             134               0       0.0823881       0.0150902
             135           -0.04       0.0814815       0.0150056
             136            0.32       0.0832353       0.0149974
             137             0.2       0.0840876       0.0149122
             138            0.12       0.0843478       0.0148064
             139            0.12       0.0846043       0.0147021
             140            0.16       0.0851429       0.0146069
             141            0.24       0.0862411       0.0145446
             142            0.12       0.0864789       0.0144441
             143            0.28       0.0878322       0.0144063
             144            0.32       0.0894444       0.0143962
             145            0.28       0.0907586       0.0143568
             146             0.2       0.0915068       0.0142779
             147            0.08       0.0914286        0.014181
             148           -0.04       0.0905405        0.014113
             149             0.2       0.0912752       0.0140374
             150            0.12       0.0914667       0.0139451
             151           -0.12       0.0900662       0.0139229
             152           -0.04       0.0892105       0.0138576
             153           -0.16       0.0875817       0.0138624
             154           -0.04       0.0867532       0.0137971
             155           -0.04       0.0859355       0.0137323
             156             0.2       0.0866667       0.0136637
             157            0.04       0.0863694       0.0135799
             158            0.16       0.0868354        0.013502
             159            0.16       0.0872956       0.0134249
             160           -0.08         0.08625       0.0133816
             161           -0.08       0.0852174       0.0133383
             162            0.08       0.0851852        0.013256
             163               0       0.0846626        0.013185
             164            -0.2       0.0829268       0.0132183
             165               0       0.0824242       0.0131478
             166            0.16       0.0828916       0.0130769
             167            0.16       0.0833533       0.0130067
             168            0.12       0.0835714       0.0129311
             169            0.12        0.083787       0.0128564
             170           -0.04       0.0830588       0.0128014
             171            0.04        0.082807        0.012729
             172           -0.04        0.082093        0.012675
             173            0.12       0.0823121       0.0126036
             174            0.12       0.0825287       0.0125331
             175           -0.04       0.0818286        0.012481
             176           -0.04       0.0811364       0.0124293
             177           -0.04        0.080452       0.0123779
             178            0.04       0.0802247       0.0123104
             179            0.04            0.08       0.0122437
             180            0.08            0.08       0.0121757
             181            0.12        0.080221       0.0121104
             182           -0.08       0.0793407       0.0120758
             183            0.16       0.0797814       0.0120179
             184               0       0.0793478       0.0119604
             185           -0.08       0.0784865       0.0119267
             186           -0.28       0.0765591       0.0120173
             187           -0.24       0.0748663       0.0120717
             188           -0.32        0.072766       0.0121888
             189           -0.12        0.071746       0.0121669
             190               0       0.0713684       0.0121087
             191            0.04       0.0712042       0.0120465
             192           -0.04        0.070625       0.0119976
             193            0.04       0.0704663       0.0119365
             194           -0.04       0.0698969       0.0118886
             195           -0.08       0.0691282       0.0118524
             196           -0.24        0.067551       0.0118964
             197           -0.16       0.0663959        0.011892
             198           -0.16       0.0652525       0.0118868
             199           -0.12       0.0643216       0.0118634
             200           -0.12          0.0634       0.0118399
             201           -0.12       0.0624876       0.0118161
             202           -0.08       0.0617822       0.0117786
             203            -0.2       0.0604926        0.011791
             204               0       0.0601961       0.0117369
             205           -0.04       0.0597073       0.0116898
             206           -0.08       0.0590291       0.0116527
             207            0.24       0.0599034       0.0116292
             208            0.04       0.0598077       0.0115737
             209            0.12       0.0600957       0.0115219
             210            0.12        0.060381       0.0114705
             211               0       0.0600948       0.0114197
             212           -0.04       0.0596226       0.0113756
             213           -0.36       0.0576526       0.0114915
             214            -0.2       0.0564486       0.0115007
             215           -0.04           0.056        0.011456
             216           -0.12       0.0551852       0.0114319
             217            -0.4       0.0530876       0.0115701
             218            -0.4       0.0510092       0.0117022
             219           -0.36       0.0491324       0.0117983
             220           -0.04       0.0487273       0.0117516
             221           -0.08       0.0481448       0.0117129
             222           -0.04       0.0477477       0.0116668
             223             0.2       0.0484305       0.0116345
             224               0       0.0482143       0.0115845
             225            0.04       0.0481778       0.0115331
             226            0.28       0.0492035       0.0115276
             227            0.12       0.0495154        0.011481
             228           -0.08       0.0489474       0.0114447
             229           -0.12       0.0482096       0.0114185
             230           -0.16       0.0473043       0.0114047
             231            -0.4        0.045368       0.0115185
             232            -0.2       0.0443103       0.0115173
             233           -0.24       0.0430901       0.0115324
             234            -0.2       0.0420513       0.0115298
             235            0.28       0.0430638       0.0115251
             236             0.2       0.0437288       0.0114954
             237            0.08       0.0438819       0.0114479
             238               0       0.0436975       0.0114013
             239            -0.2       0.0426778       0.0113991
             240           -0.24          0.0415       0.0114123
             241            0.12       0.0418257       0.0113696
             242           -0.08       0.0413223       0.0113338
             243            -0.2       0.0403292       0.0113305
             244           -0.36       0.0386885       0.0114023
             245           -0.12       0.0380408       0.0113741
             246           -0.12       0.0373984        0.011346
             247           -0.28       0.0361134       0.0113726
             248            -0.4       0.0343548       0.0114619
             249            -0.4       0.0326104       0.0115478
             250           -0.04         0.03232       0.0115053
             251           -0.12       0.0317131       0.0114755
             252            0.04        0.031746         0.01143
             253           -0.04       0.0314625       0.0113883
             254               0       0.0313386       0.0113441
             255           -0.12       0.0307451       0.0113152
             256           -0.16            0.03       0.0112955
             257           -0.04       0.0297276       0.0112548
             258           -0.08       0.0293023       0.0112192
             259           -0.08       0.0288803       0.0111838
             260               0       0.0287692       0.0111414
             261           -0.04       0.0285057       0.0111018
             262            0.16       0.0290076       0.0110708
             263            0.36       0.0302662          0.0111
             264             0.2       0.0309091       0.0110765
             265            0.36       0.0321509       0.0111041
             266            0.16       0.0326316       0.0110728
             267            0.12       0.0329588       0.0110362
             268            0.12       0.0332836       0.0109998
             269             0.2       0.0339033       0.0109763
             270            0.16       0.0343704       0.0109456
             271            0.08       0.0345387       0.0109065
             272             0.2       0.0351471       0.0108833
             273            0.28        0.036044       0.0108804
             274            0.36       0.0372263       0.0109047
             275            0.24       0.0379636         0.01089
             276             0.2       0.0385507       0.0108663
             277            0.24        0.039278       0.0108514
             278            0.28       0.0401439       0.0108469
             279            0.24       0.0408602       0.0108316
             280            0.32       0.0418571       0.0108387
             281            0.48       0.0434164       0.0109117
             282            0.32       0.0443972        0.010917
             283            0.24       0.0450883       0.0109003
             284            0.04       0.0450704       0.0108619
             285            0.04       0.0450526       0.0108238
             286               0       0.0448951       0.0107871
             287            0.04        0.044878       0.0107496
             288            0.12       0.0451389       0.0107154
             289            0.04       0.0451211       0.0106783
             290            0.04       0.0451034       0.0106415
             291               0       0.0449485       0.0106061
             292            0.28       0.0457534       0.0106003
             293             0.2       0.0462799       0.0105771
             294             0.2       0.0468027       0.0105541
             295            0.16       0.0471864       0.0105253
             296               0        0.047027       0.0104909
             297           -0.16         0.04633       0.0104787
             298           -0.16       0.0456376       0.0104664
             299           -0.12       0.0450836       0.0104461
             300            0.04       0.0450667       0.0104113
             301            0.28       0.0458472       0.0104059
             302             0.2       0.0463576       0.0103839
             303           -0.12       0.0458086       0.0103642
             304           -0.12       0.0452632       0.0103444
             305           -0.12       0.0447213       0.0103247
             306           -0.28       0.0436601       0.0103453
             307            -0.2       0.0428664        0.010342
             308           -0.32       0.0416883       0.0103754
             309           -0.28       0.0406472       0.0103939
             310           -0.12        0.040129       0.0103733
             311            -0.2       0.0393569       0.0103686
             312           -0.08       0.0389744       0.0103424
             313               0       0.0388498       0.0103101
             314           -0.28       0.0378344       0.0103272
             315            -0.4       0.0364444       0.0103875
             316           -0.36       0.0351899       0.0104301
             317           -0.32       0.0340694       0.0104572
             318           -0.44       0.0325786       0.0105301
             319           -0.48       0.0309718        0.010619
             320           -0.36         0.02975       0.0106558
             321           -0.52       0.0280374       0.0107594
             322            -0.6        0.026087       0.0109013
             323            -0.6       0.0241486       0.0110385
             324           -0.56       0.0223457       0.0111507
             325            -0.4       0.0210462       0.0111919
             326           -0.28       0.0201227       0.0111956
             327           -0.08       0.0198165       0.0111656
             328               0       0.0197561       0.0111317
             329           -0.04       0.0195745       0.0110993
             330           -0.12       0.0191515       0.0110737
             331           -0.12       0.0187311       0.0110483
             332           -0.16       0.0181928       0.0110281
             333           -0.08       0.0178979       0.0109989
             334            0.12       0.0182036       0.0109702
             335            0.16       0.0186269       0.0109456
             336             0.2       0.0191667       0.0109264
             337            0.24        0.019822       0.0109136
             338            0.08            0.02       0.0108827
             339            0.16        0.020413       0.0108585
             340            0.24       0.0210588       0.0108457
             341            0.12        0.021349       0.0108178
             342           -0.04       0.0211696       0.0107877
             343           -0.32       0.0201749        0.010802
             344           -0.32        0.019186       0.0108157
             345           -0.16       0.0186667       0.0107969
             346           -0.32       0.0176879       0.0108099
             347           -0.28         0.01683       0.0108128
             348            0.04       0.0168966       0.0107819
             349            0.08       0.0170774       0.0107525
             350               0       0.0170286       0.0107219
             351           -0.08       0.0167521       0.0106949
             352           -0.12       0.0163636       0.0106716
             353           -0.16        0.015864       0.0106531
             354           -0.08       0.0155932       0.0106264
             355           -0.04       0.0154366       0.0105976
             356           -0.04       0.0152809        0.010569
             357               0       0.0152381       0.0105395
             358           -0.08       0.0149721       0.0105134
             359           -0.36       0.0139276       0.0105359
             360            -0.6       0.0122222       0.0106437
             361           -0.44       0.0109695       0.0106877
             362           -0.32       0.0100552       0.0106972
             363           -0.08      0.00980716       0.0106706
             364           -0.16      0.00934066       0.0106515
             365            -0.2      0.00876712       0.0106377
             366            -0.4      0.00765027       0.0106671
             367           -0.56      0.00610354       0.0107496
             368           -0.64      0.00434783       0.0108629
             369            -0.4      0.00325203       0.0108885
             370           -0.16      0.00281081       0.0108681
             371           -0.08       0.0025876        0.010841
             372            0.16      0.00301075       0.0108202
             373             0.2      0.00353887        0.010804
             374            0.16      0.00395722       0.0107832
             375            0.28      0.00469333       0.0107796
             376            0.32      0.00553191       0.0107835
             377            0.12      0.00583554       0.0107592
             378            0.12      0.00613757       0.0107349
             379            0.32       0.0069657       0.0107385
             380            0.36      0.00789474       0.0107504
             381            0.36       0.0088189       0.0107618
             382            0.52       0.0101571       0.0108165
             383            0.08       0.0103394       0.0107898
             384            0.36         0.01125          0.0108
             385            0.36       0.0121558       0.0108099
             386            0.36        0.013057       0.0108194
             387            0.16       0.0134367       0.0107981
             388            0.04       0.0135052       0.0107705
             389           -0.08       0.0132648       0.0107455
             390            -0.2       0.0127179       0.0107318
             391           -0.12       0.0123785       0.0107098
             392           -0.24       0.0117347       0.0107018
             393           -0.08       0.0115013       0.0106771
             394           -0.04       0.0113706       0.0106508
             395            -0.2       0.0108354       0.0106373
             396            -0.2        0.010303       0.0106237
             397            0.16       0.0106801       0.0106036
             398           -0.04       0.0105528       0.0105778
             399           -0.24      0.00992481       0.0105699
             400           -0.28          0.0092       0.0105683
             401           -0.24      0.00857855       0.0105602
             402           -0.16       0.0081592       0.0105422
             403            -0.2      0.00764268       0.0105287
             404           -0.08      0.00742574       0.0105049
             405            -0.2      0.00691358       0.0104914
             406           -0.32      0.00610837       0.0104964
             407           -0.12      0.00579853       0.0104752
             408            0.12      0.00607843       0.0104533
             409            0.04      0.00616137       0.0104281
             410            -0.4      0.00517073       0.0104496
             411           -0.56      0.00379562       0.0105142
             412           -0.52      0.00252427       0.0105653
             413            -0.4      0.00154964       0.0105846
             414           -0.32     0.000772947       0.0105875
             415           -0.28     9.63855e-05       0.0105836
             416           -0.04     6.35509e-18       0.0105586
             417           -0.16    -0.000383693       0.0105402
             418           -0.08    -0.000574163       0.0105167
             419            -0.2     -0.00105012       0.0105024
             420           -0.28     -0.00171429       0.0104983
             421           -0.28      -0.0023753       0.0104942
             422           -0.32     -0.00312796       0.0104963
             423           -0.28     -0.00378251       0.0104919
             424               0     -0.00377358       0.0104671
             425               0     -0.00376471       0.0104425
             426           -0.16     -0.00413146       0.0104244
             427           -0.12     -0.00440281       0.0104035
             428           -0.24     -0.00495327       0.0103938
             429           -0.28     -0.00559441       0.0103893
             430           -0.08     -0.00576744       0.0103666
             431            0.04     -0.00566125       0.0103431
             432            0.24     -0.00509259       0.0103348
             433            0.24     -0.00452656       0.0103264
             434             0.2      -0.0040553       0.0103133
             435            0.16     -0.00367816       0.0102965
             436             0.2     -0.00321101       0.0102835
             437            0.28     -0.00256293       0.0102804
             438             0.4     -0.00164384       0.0102979
             439             0.4    -0.000728929        0.010315
             440            0.36     9.09091e-05       0.0103241
             441            0.08     0.000272109       0.0103023
             442            0.04     0.000361991       0.0102793
             443            0.04     0.000451467       0.0102565
             444           -0.08      0.00027027        0.010235
             445            0.08     0.000449438       0.0102136
             446            0.28      0.00107623       0.0102099
             447            0.16      0.00143177       0.0101933
             448            0.24      0.00196429       0.0101844
             449            0.08      0.00213808       0.0101632
             450            0.08      0.00231111       0.0101421
             451           -0.04      0.00221729         0.01012
             452           -0.16      0.00185841        0.010104
             453           -0.08       0.0016777       0.0100833
             454           -0.04       0.0015859       0.0100615
             455           -0.32     0.000879121       0.0100642
             456           -0.32     0.000175439       0.0100667
             457           -0.32    -0.000525164        0.010069
             458           -0.24     -0.00104803       0.0100606
             459            -0.2     -0.00148148        0.010048
             460           -0.12     -0.00173913       0.0100295
             461            0.04     -0.00164859       0.0100081
             462            0.04     -0.00155844      0.00998689
             463             0.4    -0.000691145       0.0100029
             464             0.2    -0.000258621       0.0099907
             465            0.12     5.37205e-18      0.00997256
             466               0     5.36052e-18      0.00995116
             467           -0.24    -0.000513919      0.00994311
             468            -0.6     -0.00179487        0.010004
             469           -0.36     -0.00255864       0.0100118
             470           -0.44     -0.00348936       0.0100337
             471           -0.12     -0.00373673       0.0100154
             472           -0.04     -0.00381356      0.00999451
             473            0.16     -0.00346723      0.00997938
             474            0.08     -0.00329114      0.00995988
             475            0.04         -0.0032      0.00993933
             476            0.08     -0.00302521      0.00991998
             477            0.04     -0.00293501      0.00989959
             478           -0.24     -0.00343096       0.0098913
             479            0.04     -0.00334029      0.00987107
             480           -0.16     -0.00366667      0.00985589
             481            0.08     -0.00349272      0.00983694
             482            0.28     -0.00290456       0.0098341
             483            0.36     -0.00215321       0.0098424
             484            0.12     -0.00190083       0.0098253
             485            0.04     -0.00181443      0.00980542
             486            0.04      -0.0017284      0.00978562
             487            0.08     -0.00156057      0.00976697
             488           -0.12     -0.00180328      0.00974997
             489           -0.12     -0.00204499      0.00973302
             490               0     -0.00204082      0.00971316
             491            0.08     -0.00187373      0.00969482
             492            0.36     -0.00113821      0.00970297
             493            0.28    -0.000567951      0.00970003
             494           -0.04    -0.000647773      0.00968073
             495           -0.04    -0.000727273       0.0096615
             496           -0.04    -0.000806452      0.00964234
             497            -0.2     -0.00120724      0.00963127
             498            0.08     -0.00104418      0.00961331
             499           -0.08      -0.0012024      0.00959534
             500               0         -0.0012      0.00957615
             501           -0.16     -0.00151697      0.00956228
             502           -0.36     -0.00223108      0.00956986
             503            -0.2     -0.00262425      0.00955891
             504           -0.16     -0.00293651      0.00954504
             505           -0.32     -0.00356436      0.00954677
             506           -0.36     -0.00426877      0.00955386
             507           -0.36     -0.00497041      0.00956074
             508           -0.24     -0.00543307      0.00955311
             509           -0.32     -0.00605108      0.00955431
             510            -0.4     -0.00682353      0.00956675
             511            -0.2     -0.00720157      0.00955549
             512               0      -0.0071875      0.00953684
             513           -0.36     -0.00787524      0.00954302
             514               0     -0.00785992      0.00952446
             515             0.2     -0.00745631      0.00951452
             516            0.44     -0.00658915      0.00953551
             517            0.52      -0.0055706      0.00957131
             518            0.56     -0.00447876      0.00961491
             519            0.56     -0.00339114       0.0096577
             520            0.52     -0.00238462      0.00969144
             521            0.48     -0.00145873      0.00971696
             522             0.4    -0.000689655      0.00972874
             523            0.48     0.000229446      0.00975345
             524            0.48      0.00114504      0.00977772
             525            0.28      0.00167619      0.00977351
             526           -0.12      0.00144487      0.00975767
             527           -0.08      0.00129032      0.00974038
             528           -0.12      0.00106061      0.00972464
             529           -0.32     0.000453686      0.00972518
             530           -0.24     5.55112e-18       0.0097174
             531           -0.04    -7.53296e-05      0.00969939
             532            -0.2    -0.000451128      0.00968844
             533           -0.12    -0.000675422      0.00967286
             534           -0.28      -0.0011985      0.00966888
             535            -0.2     -0.00157009      0.00965794
             536           -0.04     -0.00164179      0.00964019
             537            0.12     -0.00141527       0.0096249
             538             0.2     -0.00104089      0.00961429
             539             0.2    -0.000667904      0.00960368
             540            0.12    -0.000444444       0.0095885
             541            0.08    -0.000295749      0.00957193
             542            0.08    -0.000147601      0.00955541
             543            0.04    -7.36648e-05       0.0095381
             544             0.2     0.000294118      0.00952766
             545             0.2      0.00066055      0.00951722
             546            0.28      0.00117216      0.00951353
             547            0.32      0.00175503      0.00951397
             548            0.12       0.0019708      0.00949906
             549            0.24      0.00240437      0.00949165
             550            0.04      0.00247273      0.00947464
             551           -0.08      0.00232305      0.00945862
             552            0.12      0.00253623      0.00944389
             553            0.08      0.00267631      0.00942785
             554            0.12      0.00288809      0.00941321
             555            0.12       0.0030991      0.00939862
             556            0.24      0.00352518      0.00939136
             557            0.32      0.00409336      0.00939168
             558            0.24      0.00451613      0.00938436
             559           -0.08      0.00436494      0.00936879
             560           -0.08      0.00421429      0.00935327
             561           -0.08      0.00406417       0.0093378
             562           -0.04      0.00398577      0.00932151
             563               0      0.00397869      0.00930496
             564               0      0.00397163      0.00928846
             565               0       0.0039646      0.00927203
             566             0.2      0.00431095      0.00926211
             567            0.24      0.00472663       0.0092551
             568               0      0.00471831      0.00923881
             569           -0.16      0.00442882      0.00922711
             570           -0.08       0.0042807      0.00921211
             571           -0.08       0.0041331      0.00919716
             572           -0.32      0.00356643      0.00919852
             573           -0.48      0.00272251      0.00922109
             574           -0.32      0.00216028      0.00922215
             575           -0.52      0.00125217      0.00925072
             576           -0.28     0.000763889      0.00924754
             577           -0.24      0.00034662      0.00924092
             578            0.16     0.000622837      0.00922906
             579            0.04     0.000690846      0.00921337
             580               0     0.000689655      0.00919748
             581             0.2       0.0010327      0.00918805
             582               0      0.00103093      0.00917226
             583               0      0.00102916      0.00915653
             584           -0.04     0.000958904      0.00914112
             585           -0.04     0.000888889      0.00912576
             586           -0.04     0.000819113      0.00911046
             587           -0.24     0.000408859      0.00910417
             588           -0.36    -0.000204082      0.00910929
             589           -0.36    -0.000814941      0.00911429
             590           -0.08    -0.000949153      0.00909983
             591            0.12    -0.000744501      0.00908673
             592            0.16    -0.000472973      0.00907544
             593            0.32     6.74536e-05      0.00907621
             594            0.28     0.000538721      0.00907316
             595            0.12     0.000739496      0.00906013
             596            0.28      0.00120805      0.00905704
             597            0.36      0.00180905      0.00906178
             598             0.4      0.00247492      0.00907106
             599            0.32      0.00300501      0.00907139
             600            0.12          0.0032      0.00905837
             601            0.16       0.0034609      0.00904705
             602            0.04      0.00352159      0.00903223
             603               0      0.00351575      0.00901725
             604               0      0.00350993      0.00900232
             605               0      0.00350413      0.00898745
             606           -0.08      0.00336634      0.00897367
             607           -0.08        0.003229      0.00895994
             608           -0.08      0.00309211      0.00894625
             609            0.12      0.00328407      0.00893362
             610               0      0.00327869      0.00891897
             611           -0.08      0.00314239      0.00890542
             612            0.04      0.00320261      0.00889107
             613           -0.16      0.00293638      0.00888055
             614           -0.32      0.00241042      0.00888165
             615           -0.12      0.00221138      0.00886944
             616           -0.12      0.00201299      0.00885726
             617            0.04      0.00207455      0.00884312
             618           -0.04      0.00200647      0.00882907
             619            -0.2      0.00168013      0.00882083
             620           -0.24      0.00129032      0.00881522
             621           -0.16       0.0010306      0.00880485
             622           -0.08     0.000900322      0.00879165
             623           -0.04     0.000834671      0.00877779
             624               0     0.000833333      0.00876372
             625            0.08         0.00096      0.00875061
             626            0.12      0.00115016       0.0087387
             627            0.08      0.00127592      0.00872567
             628            0.16      0.00152866      0.00871543
             629            0.12      0.00171701      0.00870361
             630            0.36      0.00228571      0.00870836
             631               0      0.00228209      0.00869456
             632           -0.08       0.0021519      0.00868178
             633           -0.08      0.00202212      0.00866903
             634            0.04      0.00208202      0.00865556
             635           -0.08      0.00195276       0.0086429
             636            -0.2      0.00163522      0.00863514
             637           -0.16      0.00138148      0.00862531
             638               0      0.00137931      0.00861179
             639            -0.2      0.00106416      0.00860408
             640           -0.12        0.000875      0.00859271
             641           -0.08      0.00074883      0.00858024
             642           -0.16     0.000498442      0.00857052
             643               0     0.000497667      0.00855719
             644            0.16     0.000745342      0.00854749
             645            0.04     0.000806202      0.00853446
             646            0.28      0.00123839      0.00853218
             647            0.48      0.00197836      0.00855102
             648            0.72      0.00308642      0.00860932
             649             0.8      0.00431433      0.00868318
             650            0.56      0.00516923       0.0087118
             651             0.6      0.00608295       0.0087462
             652            0.52      0.00687117      0.00876823
             653             0.6      0.00777948      0.00880173
             654            0.24      0.00813456      0.00879543
             655            0.12      0.00830534      0.00878366
             656            0.12      0.00847561      0.00877192
             657            0.16      0.00870624       0.0087616
             658            0.36      0.00924012      0.00876453
             659            0.28      0.00965099      0.00876086
             660               0      0.00963636       0.0087476
             661           -0.08      0.00950076      0.00873541
             662               0       0.0094864      0.00872223
             663               0       0.0094721      0.00870909
             664           -0.04      0.00939759      0.00869629
             665            0.04      0.00944361      0.00868333
             666           -0.08      0.00930931      0.00867133
             667            0.04      0.00935532      0.00865846
             668             0.2      0.00964072       0.0086502
             669            0.28       0.0100448       0.0086467
             670             0.2       0.0103284      0.00863844
             671            0.24       0.0106706      0.00863235
             672            0.16       0.0108929      0.00862236
             673            0.24       0.0112333      0.00861627
             674            0.36       0.0117507      0.00861901
             675             0.2       0.0120296      0.00861075
             676             0.2       0.0123077       0.0086025
             677           -0.04       0.0122304      0.00859014
             678           -0.04       0.0121534      0.00857782
             679           -0.04       0.0120766      0.00856553
             680           -0.08       0.0119412        0.008554
             681           -0.08       0.0118062      0.00854251
             682           -0.08       0.0116716      0.00853104
             683           -0.16       0.0114202      0.00852225
             684           -0.04        0.011345      0.00851012
             685           -0.08       0.0112117      0.00849874
             686           -0.12       0.0110204      0.00848851
             687           -0.16       0.0107715       0.0084798
             688           -0.16       0.0105233      0.00847111
             689           -0.24       0.0101597      0.00846661
             690            -0.2      0.00985507      0.00845982
             691            -0.2      0.00955137      0.00845303
             692            0.24      0.00988439      0.00844737
             693             0.2       0.0101587      0.00843963
             694            0.32       0.0106052      0.00843927
             695            0.36       0.0111079      0.00844209
             696            0.56       0.0118966      0.00846672
             697            0.56       0.0126829      0.00849101
             698            0.64       0.0135817      0.00852627
             699             0.4       0.0141345      0.00853198
             700            0.24       0.0144571      0.00852589
