1.9945668675e+01 0.0000000000e+00 1.3661159337e+01 0.0000000000e+00
1.8291614508e+01 1.6540541664e+00 1.3900592455e+01 2.3943311778e-01
1.6603892509e+01 1.9391675042e+00 1.3905069428e+01 1.3830925224e-01
1.6389410985e+01 1.3878716182e+00 1.3352654407e+01 5.6100541887e-01
1.6036402366e+01 1.1315156484e+00 1.3720462363e+01 5.6931444785e-01
1.6186686638e+01 9.3602197490e-01 1.4124503350e+01 6.1589642991e-01
1.5998388865e+01 8.1318404583e-01 1.4857097689e+01 8.9868978606e-01
1.6016496879e+01 7.0447080811e-01 1.4368686946e+01 9.1884577181e-01
1.5727329744e+01 6.8528279058e-01 1.4529339887e+01 8.2611723491e-01
1.5737464413e+01 6.1301934225e-01 1.4747630994e+01 7.7047177513e-01
1.5594652661e+01 5.7259231784e-01 1.4848318962e+01 7.0415387923e-01
1.5250042724e+01 6.2607851801e-01 1.4885770550e+01 6.4389170375e-01
1.5287099783e+01 5.7709946822e-01 1.5087198283e+01 6.2560816568e-01
1.5266637047e+01 5.3468199388e-01 1.5354520034e+01 6.3791399884e-01
1.5262165856e+01 4.9778192835e-01 1.5152784833e+01 6.2719491261e-01
1.5395898477e+01 4.8445629967e-01 1.5004217755e+01 6.0520571130e-01
1.5505784645e+01 4.6814672678e-01 1.5044126735e+01 5.6989088993e-01
1.5438293672e+01 4.4650322210e-01 1.4900233425e+01 5.5623262261e-01
1.5457113432e+01 4.2276885864e-01 1.4906978830e+01 5.2618662525e-01
1.5415688860e+01 4.0320733154e-01 1.4787659764e+01 5.1324669284e-01
1.5269057179e+01 4.1060146007e-01 1.4692840041e+01 4.9731792851e-01
1.5063839799e+01 4.4201928107e-01 1.4824286955e+01 4.9205620725e-01
1.5059965733e+01 4.2238181442e-01 1.4744179350e+01 4.7695145066e-01
1.5179644683e+01 4.2173717946e-01 1.4907145372e+01 4.8485432873e-01
1.5356756953e+01 4.4159033593e-01 1.4866067067e+01 4.6686662941e-01
1.5295544760e+01 4.2865930710e-01 1.4728076338e+01 4.6929670217e-01
1.5336889855e+01 4.1454456459e-01 1.4775454480e+01 4.5405952664e-01
1.5292564214e+01 4.0191685547e-01 1.4870085131e+01 4.4765900132e-01
1.5327257918e+01 3.8935885519e-01 1.4865064624e+01 4.3197591962e-01
1.5281408714e+01 3.7894033798e-01 1.4956916845e+01 4.2731699327e-01
1.5242095645e+01 3.6861504765e-01 1.4913217987e+01 4.1560650850e-01
1.5183730001e+01 3.6165077886e-01 1.4858848886e+01 4.0606553768e-01
1.5240825598e+01 3.5514004061e-01 1.4886943468e+01 3.9456969008e-01
1.5328388173e+01 3.5548919489e-01 1.4843062150e+01 3.8529580206e-01
1.5399727771e+01 3.5247782393e-01 1.4755409728e+01 3.8425614105e-01
1.5423978225e+01 3.4340419975e-01 1.4756518244e+01 3.7343149092e-01
1.5405382139e+01 3.3451136962e-01 1.4778245379e+01 3.6384783996e-01
1.5323616161e+01 3.3569952452e-01 1.4715232494e+01 3.5970575401e-01
1.5234213142e+01 3.3898065164e-01 1.4630095897e+01 3.6055675816e-01
1.5270090260e+01 3.3233966910e-01 1.4603973195e+01 3.5239681130e-01
1.5237521237e+01 3.2576465249e-01 1.4616572379e+01 3.4392516587e-01
1.5226991008e+01 3.1808809625e-01 1.4613376380e+01 3.3565181059e-01
1.5196178683e+01 3.1212719869e-01 1.4700144283e+01 3.3904381347e-01
1.5142177150e+01 3.0969536292e-01 1.4768812866e+01 3.3829136797e-01
1.5086062512e+01 3.0789178245e-01 1.4749700297e+01 3.3124020146e-01
1.5104545667e+01 3.0169082327e-01 1.4758133278e+01 3.2406904873e-01
1.5118899560e+01 2.9555085559e-01 1.4773753195e+01 3.1748348326e-01
1.5010484353e+01 3.0897341182e-01 1.4768307270e+01 3.1084658084e-01
1.4978559839e+01 3.0428149922e-01 1.4739350168e+01 3.0581073993e-01
1.5008297276e+01 2.9961317837e-01 1.4719420400e+01 3.0029418236e-01
1.4965418047e+01 2.9679347860e-01 1.4726294149e+01 2.9442742279e-01
1.5005657818e+01 2.9379869100e-01 1.4754010692e+01 2.9003720301e-01
1.4966894542e+01 2.9079716613e-01 1.4760938293e+01 2.8459650661e-01
1.4997796759e+01 2.8702957378e-01 1.4728664785e+01 2.8113507384e-01
1.4958823546e+01 2.8444513337e-01 1.4745681021e+01 2.7650029267e-01
1.4910874398e+01 2.8340526874e-01 1.4766577704e+01 2.7232084005e-01
1.4905310066e+01 2.7844445321e-01 1.4779393829e+01 2.6780745965e-01
1.4912850011e+01 2.7370544517e-01 1.4848545638e+01 2.7208395010e-01
1.4906952775e+01 2.6909100272e-01 1.4869465699e+01 2.6824959337e-01
1.4933746561e+01 2.6592143412e-01 1.4880794074e+01 2.6398405560e-01
1.4908957585e+01 2.6269793267e-01 1.4875213952e+01 2.5968034318e-01
1.4913175398e+01 2.5846055438e-01 1.4924089327e+01 2.6009113106e-01
1.4941346815e+01 2.5588042710e-01 1.4913225974e+01 2.5615985731e-01
1.4939978516e+01 2.5185427917e-01 1.4868216636e+01 2.5611160558e-01
1.5042886631e+01 2.6845660374e-01 1.4867415477e+01 2.5214191532e-01
1.5062118858e+01 2.6505644518e-01 1.4892099991e+01 2.4951620994e-01
1.5036343398e+01 2.6233972578e-01 1.4877709366e+01 2.4618483145e-01
1.5030642627e+01 2.5851586057e-01 1.4918137870e+01 2.4588386926e-01
1.5024001288e+01 2.5482826189e-01 1.4948323854e+01 2.4416723692e-01
1.5022280574e+01 2.5116737129e-01 1.4946899992e+01 2.4065806831e-01
1.5013270472e+01 2.4776841348e-01 1.4993242544e+01 2.4172813809e-01
1.5047032483e+01 2.4662482626e-01 1.4996304965e+01 2.3836683152e-01
1.5039517452e+01 2.4333901252e-01 1.4959953979e+01 2.3787278666e-01
1.5029867238e+01 2.4022203614e-01 1.4918595254e+01 2.3825348685e-01
1.5081197358e+01 2.4249240091e-01 1.4920003286e+01 2.3505952560e-01
1.5132985055e+01 2.4482053467e-01 1.4920501307e+01 2.3194655160e-01
1.5144296313e+01 2.4188474760e-01 1.4924737950e+01 2.2895364171e-01
1.5147678301e+01 2.3878747435e-01 1.4933227819e+01 2.2615868600e-01
1.5171275209e+01 2.3692349263e-01 1.4924213298e+01 2.2345946623e-01
1.5161062082e+01 2.3416603251e-01 1.4934473316e+01 2.2088695679e-01
1.5156298205e+01 2.3130608732e-01 1.4985863501e+01 2.2411443854e-01
1.5182358387e+01 2.2994934219e-01 1.4993769613e+01 2.2150560382e-01
1.5154295411e+01 2.2888882290e-01 1.4954459903e+01 2.2232342000e-01
1.5152136226e+01 2.2615784788e-01 1.4925288451e+01 2.2158931984e-01
1.5156996634e+01 2.2353417669e-01 1.4923371073e+01 2.1897526323e-01
1.5128959407e+01 2.2269166736e-01 1.4939096145e+01 2.1698461617e-01
1.5164836746e+01 2.2302180571e-01 1.4928661822e+01 2.1472970566e-01
1.5100602698e+01 2.2963952865e-01 1.4918840863e+01 2.1250263385e-01
1.5122734631e+01 2.2812079007e-01 1.4940683172e+01 2.1123371776e-01
1.5111458135e+01 2.2585355855e-01 1.4995752840e+01 2.1601111855e-01
1.5115039542e+01 2.2338657350e-01 1.4997920351e+01 2.1363517801e-01
1.5078745271e+01 2.2390627232e-01 1.4951361594e+01 2.1636897516e-01
1.5117962117e+01 2.2493072025e-01 1.4963365026e+01 2.1436611235e-01
1.5121145424e+01 2.2254774299e-01 1.4914392659e+01 2.1765432012e-01
1.5089116304e+01 2.2250995099e-01 1.4896432811e+01 2.1609864508e-01
1.5080573447e+01 2.2034560634e-01 1.4908087447e+01 2.1415313898e-01
1.5069860131e+01 2.1832518262e-01 1.4911034355e+01 2.1195436273e-01
1.5093234358e+01 2.1734642093e-01 1.4884531465e+01 2.1144792598e-01
1.5078953883e+01 2.1561323240e-01 1.4854191533e+01 2.1148877042e-01
1.5081716997e+01 2.1346409408e-01 1.4845375613e+01 2.0954873050e-01
