3.9506706230e+00 0.0000000000e+00 5.9643909718e+00 0.0000000000e+00
4.9804980792e+00 1.0298274562e+00 5.1402780835e+00 8.2411288834e-01
5.5116889465e+00 7.9729455073e-01 4.9103237011e+00 5.2845659130e-01
5.0734344943e+00 7.1407721233e-01 4.9502634335e+00 3.7580362780e-01
5.2684071092e+00 5.8647939407e-01 5.1070629409e+00 3.3064044750e-01
5.3197371751e+00 4.8160166332e-01 5.1240912846e+00 2.7050329912e-01
5.3698048346e+00 4.1009549485e-01 4.9374320225e+00 2.9513966066e-01
5.4015110296e+00 3.5656558859e-01 5.0234266211e+00 2.6967690940e-01
5.4654920724e+00 3.2090415623e-01 5.1179485050e+00 2.5592727420e-01
5.5092661135e+00 2.9034419000e-01 5.1163353492e+00 2.2891399698e-01
5.4767032197e+00 2.6463723035e-01 5.1243217648e+00 2.0721446363e-01
5.6315429214e+00 2.8694259522e-01 5.1943597781e+00 2.0170982025e-01
5.5922640999e+00 2.6685537975e-01 5.1748412684e+00 1.8656984799e-01
5.6046848406e+00 2.4737209850e-01 5.0304883620e+00 2.2510765048e-01
5.6122110324e+00 2.3041384072e-01 5.1021384919e+00 2.2147400489e-01
5.5620414652e+00 2.2129438815e-01 5.1898038663e+00 2.2495468625e-01
5.5646592596e+00 2.0788636486e-01 5.1008497658e+00 2.2926831276e-01
5.5174916038e+00 2.0159282815e-01 5.2145331210e+00 2.4422822228e-01
5.5413123480e+00 1.9216981133e-01 5.2775420354e+00 2.3945536449e-01
5.4822212247e+00 1.9164569812e-01 5.2812308934e+00 2.2719725372e-01
5.5141941032e+00 1.8507411164e-01 5.2791464289e+00 2.1611774731e-01
5.5360844519e+00 1.7781382731e-01 5.3169577188e+00 2.0950058301e-01
5.4860728827e+00 1.7711449416e-01 5.3129894941e+00 2.0022406541e-01
5.4719016273e+00 1.7016533093e-01 5.2269446331e+00 2.1012517248e-01
5.4734461962e+00 1.6322415984e-01 5.2836620029e+00 2.0937344889e-01
5.4809438364e+00 1.5699983003e-01 5.3147231416e+00 2.0354345966e-01
5.4416254090e+00 1.5610585338e-01 5.3205374334e+00 1.9594606788e-01
5.4340127074e+00 1.5061986972e-01 5.3296339583e+00 1.8903734598e-01
5.4240765732e+00 1.4567256566e-01 5.2981215001e+00 1.8510446318e-01
5.4596004800e+00 1.4514732026e-01 5.2852601306e+00 1.7928980161e-01
5.4948664884e+00 1.4474883972e-01 5.2465608540e+00 1.7767556607e-01
5.5486293697e+00 1.5011049212e-01 5.2957721129e+00 1.7893383374e-01
5.5185652221e+00 1.4856435227e-01 5.2581687893e+00 1.7745670839e-01
5.5102980574e+00 1.4436549825e-01 5.2235764447e+00 1.7559928460e-01
5.4981076978e+00 1.4070915029e-01 5.2524378877e+00 1.7293376023e-01
5.5313445103e+00 1.4072598417e-01 5.2854394828e+00 1.7127095934e-01
5.5177430889e+00 1.3754390378e-01 5.2713827484e+00 1.6716975099e-01
5.5377954821e+00 1.3536883911e-01 5.2867725990e+00 1.6343728302e-01
5.5471690521e+00 1.3218493504e-01 5.3711780041e+00 1.8018375285e-01
5.5771041292e+00 1.3226988713e-01 5.3767825289e+00 1.7571080289e-01
5.6066668835e+00 1.3234745592e-01 5.3605534410e+00 1.7213833624e-01
5.5978261666e+00 1.2946010703e-01 5.3341617172e+00 1.7005028961e-01
5.6105677997e+00 1.2705407272e-01 5.3372194844e+00 1.6607669762e-01
5.6060968908e+00 1.2421338748e-01 5.3286224483e+00 1.6248592359e-01
5.6008087218e+00 1.2153681976e-01 5.3450928680e+00 1.5968576110e-01
5.5811837397e+00 1.2047453030e-01 5.3508435858e+00 1.5628159616e-01
5.5815393557e+00 1.1788391370e-01 5.3328712978e+00 1.5397280265e-01
5.5921394140e+00 1.1588767248e-01 5.3122191062e+00 1.5213914457e-01
5.6014191403e+00 1.1387670798e-01 5.3252802753e+00 1.4957327877e-01
5.5670148547e+00 1.1675976747e-01 5.3273970546e+00 1.4656657138e-01
5.5657954684e+00 1.1445395973e-01 5.3187603601e+00 1.4392334898e-01
5.5549742081e+00 1.1275182311e-01 5.3257499918e+00 1.4130143560e-01
5.5460247567e+00 1.1096545157e-01 5.3183643616e+00 1.3880636031e-01
5.5319256122e+00 1.0980012753e-01 5.3513815913e+00 1.4015613761e-01
5.5299926728e+00 1.0780260566e-01 5.3544786734e+00 1.3761910079e-01
5.5424300290e+00 1.0658817735e-01 5.3637480344e+00 1.3545679937e-01
5.5269700990e+00 1.0583674229e-01 5.3538282480e+00 1.3342840057e-01
5.5369622431e+00 1.0447489287e-01 5.3308129909e+00 1.3311250440e-01
5.5478503624e+00 1.0326448698e-01 5.3381953878e+00 1.3104501752e-01
5.5423673650e+00 1.0167677081e-01 5.3449082152e+00 1.2901717760e-01
5.5483474160e+00 1.0017469980e-01 5.3265096564e+00 1.2821149406e-01
5.5452076335e+00 9.8595740215e-02 5.3244825505e+00 1.2614290413e-01
5.5416306688e+00 9.7084023820e-02 5.3381819096e+00 1.2487818394e-01
5.5392177006e+00 9.5585507435e-02 5.3386485019e+00 1.2291236108e-01
5.5213043419e+00 9.5793276538e-02 5.3147098656e+00 1.2335178250e-01
5.5024137983e+00 9.6203602837e-02 5.3171978516e+00 1.2149391608e-01
5.5256917001e+00 9.7574183452e-02 5.3147482071e+00 1.1969190597e-01
5.5285436780e+00 9.6170857542e-02 5.2900327049e+00 1.2048091541e-01
5.5384913768e+00 9.5287503960e-02 5.2848486493e+00 1.1883510384e-01
5.5291939150e+00 9.4375478629e-02 5.2971930675e+00 1.1777388116e-01
5.5354010947e+00 9.3243585392e-02 5.2940147855e+00 1.1614673900e-01
5.5208406129e+00 9.3085249504e-02 5.2841140310e+00 1.1494940580e-01
5.5205840126e+00 9.1801612152e-02 5.2984660960e+00 1.1426870805e-01
5.5157580353e+00 9.0681060912e-02 5.2965474975e+00 1.1273028716e-01
5.5081214454e+00 8.9789146621e-02 5.2965864490e+00 1.1121706714e-01
5.4937573816e+00 8.9756653759e-02 5.2912915503e+00 1.0987158761e-01
5.5078699868e+00 8.9700440876e-02 5.2851769842e+00 1.0860755648e-01
5.5183184659e+00 8.9157320400e-02 5.2937189373e+00 1.0754587380e-01
5.5273596552e+00 8.8484629598e-02 5.3038050431e+00 1.0665379254e-01
5.5326518123e+00 8.7531699172e-02 5.3026241516e+00 1.0531880260e-01
5.5330951181e+00 8.6445443336e-02 5.2901372966e+00 1.0475730976e-01
5.5352320352e+00 8.5411458925e-02 5.2955581876e+00 1.0361379822e-01
5.5366741267e+00 8.4388452909e-02 5.3004849746e+00 1.0247632884e-01
5.5162692237e+00 8.5838299426e-02 5.2992385396e+00 1.0125669503e-01
5.5299065825e+00 8.5911707419e-02 5.2989733072e+00 1.0005870027e-01
5.5430293523e+00 8.5914966952e-02 5.3023460138e+00 9.8945881196e-02
5.5230905503e+00 8.7231017640e-02 5.2985643930e+00 9.7875042696e-02
5.5233119563e+00 8.6234343211e-02 5.3042602007e+00 9.6923937980e-02
5.5152512684e+00 8.5640103817e-02 5.2932185976e+00 9.6462739001e-02
5.5101475546e+00 8.4836857826e-02 5.2887329263e+00 9.5490324912e-02
5.5029213234e+00 8.4210026789e-02 5.2839843564e+00 9.4554463803e-02
5.5182298548e+00 8.4684829982e-02 5.2901260321e+00 9.3722500482e-02
5.4991692589e+00 8.5910421359e-02 5.2965691055e+00 9.2932873964e-02
5.5161946950e+00 8.6680054897e-02 5.2914060639e+00 9.2083768045e-02
5.5448842163e+00 9.0434191753e-02 5.2952292874e+00 9.1189490967e-02
5.5465255110e+00 8.9502261086e-02 5.2859517584e+00 9.0710284637e-02
5.5503118273e+00 8.8655641623e-02 5.2828610301e+00 8.9823446386e-02
5.5450781222e+00 8.7902274791e-02 5.2988192746e+00 9.0323080628e-02
5.5446269151e+00 8.7011012701e-02 5.3241274259e+00 9.2919040596e-02
5.5466347840e+00 8.6159906815e-02 5.3160029908e+00 9.2343248751e-02
