1	424.759
2	424.759
3	409.322
4	398.014
5	390.446
6	377.643
7	370.041
8	359.703
9	342.258
10	341.53
11	330.8
12	319.968
13	313.783
14	312.48
15	301.285
16	296.626
17	293.187
18	287.237
19	281.079
20	277.682
21	273.13
22	268.398
23	263.298
24	259.248
25	254.083
26	253.165
27	250.574
28	249.274
29	242.966
30	238.364
31	236.443
32	233.367
33	230.164
34	226.396
35	225.307
36	222.101
37	216.697
38	214.997
39	211.834
40	209.932
41	209.27
42	207.383
43	204.065
44	203.311
45	201.342
46	201.342
47	199.701
48	196.49
49	194.437
50	192.835
51	191.404
52	190.05
53	189.534
54	185.463
55	184.642
56	184.214
57	183.431
58	182.342
59	180.51
60	177.414
61	176.101
62	171.131
63	170.319
64	167.979
65	167.578
66	165.586
67	163.754
68	162.888
69	162.738
70	162.136
71	161.434
72	160.921
73	159.367
74	159.367
75	157.418
76	156.527
77	155.988
78	154.432
79	152.81
80	152.23
81	152.23
82	151.138
83	145.979
84	145.979
85	144.646
86	144.646
87	142.382
88	142.207
89	142.169
90	142.169
91	141.872
92	141.872
93	141.872
94	141.872
95	141.757
96	141.757
97	141.444
98	141.444
99	141.444
100	141.444
101	141.444
102	138.075
103	138.075
104	137.953
105	136.599
106	135.669
107	135.669
108	135.669
109	134.697
110	134.697
111	134.358
112	133.59
113	132.452
114	131.491
115	131.413
116	130.172
117	130.055
118	129.684
119	129.222
120	129.222
121	129.059
122	128.636
123	128.636
124	128.636
125	128.576
126	128.576
127	126.454
128	126.175
129	125.214
130	125.135
131	124.411
132	121.506
133	121.506
134	118.852
135	117.276
136	117.276
137	115.63
138	115.63
139	113.71
140	112.828
141	111.63
142	111.219
143	110.764
144	110.065
145	110.065
146	109.353
147	108.93
148	108.136
149	107.309
150	107.309
151	106.865
152	106.865
153	106.865
154	105.343
155	105.343
156	105.343
157	105.343
158	105.326
159	105.326
160	105.326
161	105.252
162	105.252
163	105.252
164	104.22
165	104.22
166	104.22
167	103.953
168	103.953
169	103.524
170	103.257
171	103.257
172	103.257
173	103.257
174	103.257
175	103.257
176	103.257
177	103.257
178	103.257
179	103.257
180	103.257
181	103.257
182	103.257
183	103.257
184	103.257
185	103.257
186	103.257
187	103.257
188	103.257
189	103.257
190	102.374
191	102.374
192	102.354
193	102.039
194	102.039
195	102.039
196	102.039
197	102.039
198	102.039
199	101.642
200	101.642
201	101.642
202	101.642
203	101.642
204	101.642
205	101.129
206	101.129
207	101.126
208	101.126
209	101.126
210	101.126
211	100.732
212	100.732
213	100.732
214	100.732
215	100.003
216	100.003
217	100.003
218	100.003
219	100.003
220	99.8356
221	99.8356
222	99.8356
223	99.8356
224	99.8356
225	99.8356
226	99.8356
227	99.8356
228	99.8356
229	99.8356
230	99.8356
231	99.8356
232	99.8356
233	99.8356
234	99.4518
235	99.4518
236	99.0443
237	99.0443
238	97.9764
239	97.1668
240	96.3141
241	95.3275
242	95.1396
243	94.6259
244	94.6259
245	94.1121
246	94.1121
247	93.7947
248	93.7947
249	93.7947
250	93.7947
251	93.5177
252	93.5177
253	93.5177
254	93.5177
255	93.5177
256	93.5177
257	93.5177
258	93.5177
259	93.5177
260	93.5177
261	93.5177
262	93.5177
263	93.5177
264	93.5177
265	93.2547
266	93.2547
267	93.2547
268	93.2547
269	93.2547
270	93.2547
271	93.2547
272	93.2488
273	93.2488
274	93.2488
275	93.2488
276	93.2488
277	93.2488
278	93.2488
279	93.2488
280	93.0843
281	93.0843
282	93.0843
283	93.0843
284	93.0526
285	93.0526
286	93.0526
287	92.9045
288	92.9045
289	92.8586
290	92.6969
291	92.6969
292	92.6509
293	92.6509
294	92.6509
295	92.6509
296	92.3011
297	92.3011
298	92.3011
299	92.2663
300	92.2663
301	92.2663
302	92.2663
303	92.2663
304	92.2663
305	92.2663
306	91.7791
307	91.7791
308	91.7791
309	91.7791
310	91.7544
311	90.9641
312	90.9641
313	90.9438
314	90.9383
315	90.9192
316	90.9192
317	90.9192
318	90.9192
319	90.9192
320	90.9192
321	90.9192
322	90.9192
323	90.9192
324	90.9192
325	90.9192
326	90.9192
327	90.9192
328	90.9192
329	90.9192
330	90.9192
331	90.9192
332	90.9192
333	90.9192
334	90.9192
335	90.8831
336	90.8831
337	90.8831
338	90.8831
339	90.8831
340	90.8831
341	90.8831
342	90.8831
343	90.8831
344	90.8831
345	90.8831
346	90.8831
347	90.8831
348	90.8831
349	90.8831
350	90.8831
351	90.8831
352	90.8831
353	90.8831
354	90.8831
355	90.8831
356	90.8831
357	90.8831
358	90.8831
359	90.8831
360	90.8831
361	90.8831
362	90.8831
363	90.8831
364	90.8831
365	90.8831
366	90.452
367	90.452
368	89.8307
369	89.8307
370	89.8307
371	89.8307
372	89.8307
373	89.8307
374	89.8307
375	89.8307
376	89.8307
377	89.8307
378	89.8307
379	89.8307
380	89.8307
381	89.8307
382	89.8307
383	89.8307
384	89.8307
385	89.8307
386	89.8307
387	89.8307
388	89.8307
389	89.8307
390	89.8307
391	89.8307
392	89.8307
393	89.8307
394	89.8307
395	89.8307
396	89.8307
397	89.8307
398	89.8307
399	89.8307
400	89.8307
401	89.8307
402	89.8307
403	89.8307
404	89.8307
405	89.18
406	89.18
407	89.18
408	89.18
409	89.18
410	89.18
411	89.18
412	89.18
413	89.18
414	89.18
415	89.18
416	89.18
417	89.18
418	89.0765
419	89.0765
420	89.0765
421	88.9703
422	88.9703
423	88.9703
424	88.8159
425	88.8159
426	88.8159
427	88.8159
428	88.8159
429	88.8159
430	88.8159
431	88.8159
432	88.8159
433	88.8159
434	88.8159
435	88.3804
436	88.3804
437	88.3804
438	88.3804
439	88.3804
440	88.3804
441	88.3804
442	88.3804
443	88.3804
444	88.3804
445	88.3804
446	88.3804
447	88.3804
448	88.3577
449	88.3577
450	88.3577
451	88.3577
452	88.3577
453	88.3577
454	88.3577
455	88.3577
456	88.3577
457	88.3577
458	88.3577
459	88.3577
460	88.3577
461	88.3577
462	88.3577
463	88.3577
464	88.3577
465	88.3577
466	88.3577
467	88.3577
468	87.6984
469	87.4935
470	87.4935
471	87.4935
472	87.4339
473	87.4339
474	87.4339
475	87.4339
476	87.4339
477	87.4339
478	87.4339
479	87.4339
480	87.4339
481	87.4339
482	87.4339
483	87.4339
484	87.4339
485	87.4339
486	87.4339
487	87.4339
488	87.4339
489	87.4339
490	87.4339
491	87.4339
492	87.4339
493	87.4339
494	87.4339
495	87.4339
496	87.4339
497	87.4339
498	87.4339
499	87.4339
500	87.4339
501	87.4339
502	87.4339
503	86.5831
504	86.5831
505	86.5831
506	86.5831
507	86.5831
508	86.492
509	86.492
510	86.492
511	86.492
512	86.492
513	86.328
514	86.328
515	86.328
516	86.328
517	86.2262
518	86.2262
519	86.2262
520	86.2262
521	86.2262
522	86.1639
523	86.1639
524	86.1639
525	86.1639
526	86.1639
527	86.1639
528	86.1639
529	85.8629
530	85.8629
531	85.8629
532	85.8629
533	85.8629
534	85.8629
535	85.8629
536	85.8629
537	85.8629
538	85.3727
539	85.3727
540	85.3727
541	85.3727
542	85.3727
543	85.3727
544	85.3727
545	85.3727
546	85.3727
547	85.3727
548	85.3727
549	85.3727
550	85.3727
551	85.3727
552	85.3727
553	85.3727
554	85.3727
555	85.3727
556	85.3727
557	85.3727
558	85.3727
559	85.3727
560	85.3277
561	85.3277
562	85.3277
563	85.3277
564	85.3277
565	85.3277
566	85.3277
567	85.3277
568	85.3277
569	85.3277
570	85.3277
571	85.3277
572	85.3277
573	84.9424
574	84.9424
575	84.9424
576	84.9424
577	84.9424
578	84.9424
579	84.9424
580	84.9424
581	84.9424
582	84.9424
583	84.625
584	84.625
585	84.625
586	84.625
587	84.625
588	84.625
589	84.5403
590	84.1001
591	83.9296
592	83.2159
593	82.6738
594	82.6738
595	82.6738
596	82.6738
597	82.6738
598	82.6738
599	82.6738
600	82.6738
601	82.6738
602	82.6738
603	82.6738
604	82.6738
605	82.6738
606	82.6738
607	82.6738
608	82.6738
609	82.6738
610	82.6738
611	82.6738
612	82.6738
613	82.6738
614	82.6738
615	82.1233
616	82.1233
617	82.1233
618	82.1233
619	82.1233
620	82.1233
621	82.1233
622	82.1233
623	82.1233
624	82.1233
625	82.1233
626	82.1233
627	82.1233
628	82.0818
629	82.0818
630	82.0818
631	82.0818
632	82.0818
633	82.0818
634	82.0818
635	82.0818
636	82.0818
637	82.0818
638	82.0818
639	82.0818
640	82.0818
641	82.0818
642	82.0818
643	82.0818
644	82.0818
645	82.0818
646	82.0818
647	82.0818
648	82.0818
649	82.0818
650	82.0818
651	82.0818
652	82.0818
653	82.0818
654	82.0818
655	82.0818
656	82.0818
657	82.0818
658	82.0818
659	82.0818
660	82.0818
661	82.0818
662	82.0818
663	82.0818
664	82.0818
665	82.0818
666	82.0818
667	82.0818
668	82.0818
669	82.0818
670	82.0818
671	82.0818
672	82.0818
673	82.0818
674	82.0818
675	82.0818
676	82.0818
677	82.0818
678	82.0818
679	82.0818
680	82.0818
681	82.0818
682	82.0818
683	82.0818
684	82.0818
685	82.0818
686	82.0818
687	82.0818
688	82.0818
689	82.0818
690	82.0818
691	82.0818
692	82.0818
693	82.0818
694	82.0818
695	82.0818
696	82.0818
697	82.0818
698	82.0818
699	82.0818
700	82.0818
701	82.0818
702	82.0818
703	82.0818
704	82.0818
705	82.0818
706	82.0818
707	81.6875
708	81.6875
709	81.6875
710	81.6875
711	81.6875
712	81.6875
713	81.6875
714	81.6875
715	81.6875
716	81.6875
717	81.6875
718	81.6875
719	81.6875
720	81.6875
721	81.5656
722	81.0909
723	81.0909
724	81.0909
725	81.0909
726	81.0909
727	81.0909
728	81.0909
729	81.0909
730	81.0909
731	81.0909
732	81.0909
733	81.0909
734	81.0909
735	81.0909
736	81.0909
737	81.0909
738	81.0909
739	81.0909
740	81.0909
741	81.0909
742	81.0909
743	81.0909
744	81.0909
745	81.0909
746	81.0909
747	81.0909
748	81.0909
749	81.0909
750	81.0909
751	81.0909
752	81.0909
753	81.0909
754	81.0909
755	81.0909
756	81.0909
757	81.0909
758	81.0909
759	81.0909
760	81.0909
761	81.0909
762	81.0909
763	81.0909
764	81.0909
765	81.0909
766	81.0909
767	81.0909
768	81.0909
769	81.0909
770	81.0909
771	81.0909
772	81.0909
773	81.0909
774	81.0909
775	81.0909
776	81.0909
777	81.0909
778	81.0909
779	81.0909
780	81.0909
781	80.703
782	80.703
783	80.703
784	80.703
785	80.703
786	80.703
787	80.703
788	80.703
789	80.703
790	80.703
791	80.703
792	80.703
793	80.703
794	80.703
795	80.703
796	80.703
797	80.703
798	80.703
799	80.703
800	80.703
