1	424.759
2	424.759
3	415.13
4	393.746
5	382.567
6	374.676
7	362.568
8	355.216
9	347.799
10	342.209
11	333.526
12	328.497
13	318.403
14	307.361
15	295.045
16	295.045
17	291.06
18	289.563
19	282.438
20	278.582
21	274.593
22	269.535
23	265.666
24	260.852
25	258.554
26	252.181
27	249.54
28	244.958
29	240.875
30	235.707
31	230.876
32	228.008
33	224.443
34	223.536
35	218.565
36	216.357
37	216.049
38	213.885
39	212.404
40	207.982
41	207.773
42	206.017
43	201.827
44	199.926
45	199.699
46	198.06
47	196.318
48	196.099
49	193.167
50	192.376
51	190.948
52	188.094
53	185.931
54	183.741
55	180.831
56	179.567
57	178.563
58	175.068
59	173.786
60	170.912
61	169.808
62	167.389
63	166.313
64	163.795
65	159.528
66	159.528
67	156.153
68	152.962
69	152.962
70	150.26
71	145.804
72	145.804
73	144.305
74	144.305
75	142.53
76	141.56
77	140.62
78	139.927
79	138.831
80	138.473
81	137.555
82	136.228
83	134.946
84	133.679
85	131.114
86	130.082
87	127.893
88	125.863
89	125.029
90	122.878
91	122.811
92	122.274
93	121.997
94	121.316
95	120.712
96	120.65
97	119.865
98	118.889
99	118.602
100	117.927
101	117.752
102	116.951
103	116.557
104	115.632
105	114.338
106	113.39
107	112.921
108	111.205
109	110.716
110	109.423
111	108.534
112	106.329
113	105.489
114	105.344
115	104.771
116	103.488
117	103.488
118	103.488
119	103.488
120	103.488
121	103.333
122	102.558
123	102.113
124	102.113
125	101.997
126	101.917
127	100.892
128	100.792
129	100.792
130	100.792
131	100.432
132	100.213
133	100.074
134	99.2672
135	99.2672
136	99.2672
137	98.3525
138	97.834
139	97.5784
140	97.5784
141	96.8229
142	96.8229
143	96.5543
144	96.5543
145	96.4252
146	96.0365
147	95.4154
148	95.4154
149	94.7572
150	94.7572
151	94.2688
152	93.6182
153	93.1231
154	93.1231
155	92.7798
156	91.3045
157	91.3045
158	91.3045
159	91.3045
160	91.3045
161	91.3045
162	91.3045
163	90.5329
164	90.5329
165	90.5329
166	90.5329
167	90.5329
168	90.5329
169	90.1093
170	90.1093
171	88.6828
172	88.6828
173	88.6828
174	88.6828
175	88.6828
176	88.6828
177	88.0389
178	88.0389
179	88.0389
180	88.0389
181	87.7054
182	87.7054
183	87.7054
184	87.1481
185	87.1481
186	87.1127
187	86.749
188	86.444
189	85.8284
190	85.4647
191	85.4647
192	85.4647
193	85.4647
194	85.4647
195	85.4647
196	85.048
197	85.048
198	84.6247
199	83.7548
200	83.7548
201	83.7548
202	83.7548
203	83.7548
204	82.9824
205	82.9824
206	82.9824
207	82.9824
208	82.1541
209	81.9823
210	81.9823
211	81.9823
212	81.4465
213	81.4465
214	81.4139
215	81.4139
216	81.4139
217	81.4139
218	81.4139
219	81.11
220	81.0774
221	81.0774
222	81.069
223	80.8321
224	80.7702
225	80.5249
226	80.2616
227	80.2616
228	80.2616
229	80.2616
230	79.9442
231	79.9442
232	79.9442
233	79.737
234	79.737
235	79.4449
236	79.2753
237	79.275
238	78.9973
239	78.9973
240	78.9902
241	78.9902
242	78.9902
243	78.9902
244	78.9902
245	78.2235
246	78.2235
247	78.2235
248	78.0393
249	78.0393
250	78.0011
251	78.0011
252	77.8169
253	77.8169
254	77.8169
255	77.3353
256	77.1129
257	77.1129
258	77.1129
259	77.1129
260	77.1129
261	77.1129
262	76.4286
263	76.4286
264	76.4286
265	76.4286
266	76.4286
267	76.3821
268	76.3821
269	76.3821
270	76.3821
271	76.0077
272	75.9612
273	75.9612
274	75.9461
275	75.9015
276	75.9015
277	75.9015
278	75.9015
279	75.9015
280	75.9015
281	75.7676
282	75.6201
283	75.6201
284	75.5082
285	75.5082
286	75.2268
287	75.2268
288	75.2268
289	75.2268
290	75.2268
291	75.2268
292	75.2268
293	75.2268
294	75.2268
295	75.2268
296	75.2268
297	75.2268
298	75.2268
299	75.2268
300	75.2268
301	75.2268
302	75.2268
303	75.2268
304	75.2268
305	75.2268
306	74.6137
307	74.6137
308	74.6137
309	74.6137
310	74.5309
311	74.5309
312	73.9179
313	73.9179
314	73.9179
315	73.9179
316	73.9179
317	73.9179
318	73.9179
319	73.9179
320	73.9179
321	73.9179
322	73.9179
323	73.3834
324	73.3834
325	73.3834
326	73.3834
327	73.3834
328	73.3834
329	73.3834
330	73.3366
331	73.3366
332	73.3366
333	73.3366
334	73.3366
335	73.3366
336	73.3366
337	73.3366
338	73.3366
339	73.3366
340	73.3366
341	73.3366
342	73.3366
343	73.3366
344	73.3366
345	73.3366
346	73.3366
347	73.33
348	73.33
349	73.33
350	73.33
351	73.33
352	73.33
353	73.33
354	73.33
355	73.33
356	73.33
357	73.33
358	73.33
359	73.33
360	73.33
361	73.33
362	73.33
363	73.33
364	73.2238
365	73.2238
366	73.2238
367	73.2238
368	73.2238
369	73.2238
370	73.2238
371	73.2238
372	73.2238
373	73.2238
374	73.2238
375	73.2238
376	73.2238
377	73.2238
378	73.2238
379	73.2238
380	73.2238
381	73.2238
382	73.2238
383	73.2238
384	73.2238
385	73.2238
386	73.2238
387	73.2238
388	73.2238
389	73.2238
390	73.2238
391	73.2238
392	73.2238
393	73.2238
394	73.2238
395	73.2238
396	73.2238
397	73.2238
398	73.2238
399	73.2238
400	73.2238
401	73.2238
402	73.2238
403	73.2238
404	73.2238
405	73.2238
406	73.2238
407	73.2238
408	73.2238
409	73.2238
410	73.2238
411	73.2238
412	73.1726
413	73.165
414	73.137
415	71.6524
416	71.6524
417	71.0878
418	70.5567
419	70.5567
420	70.5567
421	69.909
422	69.8022
423	69.6709
424	69.5915
425	69.5915
426	69.5915
427	69.5915
428	69.5915
429	69.5915
430	69.5915
431	69.5915
432	69.5915
433	69.5915
434	69.5915
435	69.5915
436	69.5915
437	69.5915
438	69.5915
439	69.5915
440	69.5915
441	69.5915
442	69.5915
443	69.5915
444	69.5915
445	69.5915
446	69.5915
447	69.5915
448	69.5915
449	69.5915
450	69.5915
451	69.5915
452	69.5915
453	69.5915
454	69.3862
455	69.3862
456	69.3862
457	69.3711
458	69.3711
459	69.3711
460	69.3711
461	69.3711
462	69.3711
463	69.3711
464	69.3711
465	69.3711
466	69.3711
467	69.3711
468	69.3711
469	69.3711
470	69.3711
471	69.3711
472	69.3711
473	69.3711
474	69.3711
475	69.3711
476	69.3711
477	69.3711
478	69.3711
479	69.3711
480	69.3711
481	69.3711
482	69.3711
483	69.3711
484	68.9892
485	68.9892
486	68.9892
487	68.9892
488	68.9892
489	68.9892
490	68.9892
491	68.9892
492	68.9892
493	68.9892
494	68.9892
495	68.9892
496	68.9892
497	68.9892
498	68.9892
499	68.7613
500	68.7613
501	68.7613
502	68.7613
503	68.7613
504	68.7613
505	68.7613
506	68.7613
507	68.7613
508	68.7613
509	68.7613
510	68.7613
511	68.7613
512	68.7613
513	68.7613
514	68.7613
515	68.7613
516	68.7613
517	68.7613
518	68.7613
519	68.7613
520	68.7613
521	68.7613
522	68.7613
523	68.7613
524	68.7613
525	68.7613
526	68.7613
527	68.7613
528	68.7613
529	68.7613
530	68.7613
531	68.7613
532	68.7613
533	68.7613
534	68.7613
535	68.7613
536	68.7613
537	68.6957
538	68.6957
539	68.6957
540	68.6957
541	68.6957
542	68.6957
543	68.6957
544	68.0693
545	68.0693
546	68.0693
547	68.0693
548	68.0693
549	68.0693
550	68.0693
551	68.0693
552	68.0693
553	68.0693
554	68.0693
555	68.0693
556	68.0693
557	68.0693
558	68.0693
559	68.0693
560	68.0693
561	68.0693
562	68.0693
563	68.0693
564	68.0693
565	68.0693
566	68.0693
567	68.0693
568	68.0693
569	68.0693
570	68.0693
571	68.0693
572	68.0693
573	68.0693
574	68.0693
575	68.0693
576	68.0693
577	68.0693
578	68.0693
579	68.0693
580	68.0693
581	68.0693
582	68.0693
583	68.0693
584	68.0693
585	68.0693
586	68.0693
587	68.0693
588	68.0693
589	68.0693
590	68.0693
591	68.0693
592	68.0693
593	68.0693
594	68.0693
595	68.0693
596	68.0693
597	68.0693
598	68.0693
599	68.0693
600	68.0693
601	68.0693
602	68.0693
603	68.0693
604	68.0693
605	68.0693
606	68.0693
607	68.0693
608	68.0693
609	68.0693
610	68.0693
611	68.0693
612	68.0693
613	68.0693
614	68.0693
615	68.0693
616	68.0693
617	68.0693
618	68.0693
619	68.0693
620	68.0693
621	68.0693
622	68.0693
623	68.0693
624	68.0693
625	68.0693
626	68.0693
627	68.0693
628	68.0693
629	68.0693
630	68.0693
631	68.0693
632	68.0693
633	68.0693
634	68.0693
635	68.0693
636	68.0693
637	68.0693
638	68.0693
639	68.0693
640	68.0693
641	68.0693
642	68.0693
643	68.0693
644	68.0693
645	68.0693
646	68.0693
647	68.0693
648	68.0693
649	68.0693
650	68.0693
651	68.0693
652	68.0693
653	68.0693
654	68.0693
655	68.0693
656	68.0693
657	68.0693
658	68.0693
659	68.0693
660	68.0693
661	68.0693
662	68.0693
663	68.0693
664	68.0693
665	68.0693
666	68.0693
667	68.0693
668	68.0693
669	68.0693
670	68.0693
671	68.0693
672	68.0693
673	68.0693
674	68.0693
675	68.0693
676	68.0693
677	68.0693
678	68.0693
679	68.0693
680	68.0693
681	68.0693
682	68.0693
683	68.0693
684	68.0693
685	68.0693
686	68.0693
687	68.0693
688	68.0693
689	68.0693
690	68.0693
691	68.0693
692	68.0693
693	68.0693
694	68.0693
695	68.0693
696	68.0693
697	68.0693
698	68.0693
699	68.0693
700	68.0693
701	68.0693
702	68.0693
703	68.0693
704	68.0693
705	68.0693
706	68.0693
707	68.0693
708	68.0693
709	68.0693
710	68.0693
711	68.0693
712	68.0693
713	68.0693
714	68.0693
715	68.0693
716	68.0693
717	68.0693
718	68.0693
719	68.0693
720	68.0693
721	68.0693
722	68.0693
723	68.0693
724	68.0693
725	68.0693
726	68.0693
727	68.0693
728	68.0693
729	68.0693
730	68.0693
731	68.0693
732	68.0693
733	68.0693
734	68.0693
735	68.0693
736	68.0693
737	68.0693
738	68.0693
739	68.0693
740	68.0693
741	68.0693
742	68.0693
743	68.0693
744	68.0693
745	68.0693
746	68.0693
747	68.0693
748	68.0693
749	68.0693
750	68.0693
751	68.0693
752	68.0693
753	68.0693
754	68.0693
755	68.0693
756	68.0693
757	68.0693
758	68.0693
759	68.0693
760	68.0693
761	68.0693
762	68.0693
763	68.0693
764	68.0693
765	68.0693
766	68.0693
767	68.0693
768	68.0693
769	68.0693
770	68.0693
771	68.0693
772	68.0693
773	68.0693
774	68.0693
775	68.0693
776	68.0693
777	68.0693
778	68.0693
779	68.0693
780	68.0693
781	68.0693
782	68.0693
783	68.0693
784	68.0693
785	68.0693
786	68.0693
787	68.0693
788	68.0693
789	68.0693
790	68.0693
791	68.0693
792	68.0693
793	68.0693
794	68.0693
795	68.0693
796	68.0693
797	68.0693
798	68.0693
799	68.0693
800	68.0693
