       -0.203521        -1.31795         0.76555
          1.1236        0.744683       -0.226626
       -0.256234       -0.632986       -0.424476
        0.700521         1.91003        0.850146
        0.221032       -0.773441        0.172531
         1.20598         -1.2938         1.39221
       -0.323815      0.00520047      -0.0650288
       0.0482953        -1.95903      -0.0673956
        0.736479      -0.0828343        -1.12318
       -0.678812      -0.0449474       -0.416952
       0.0507838        -0.90357        -1.96952
          1.4272        0.753898       -0.874045
        0.308782        -1.77896       -0.841713
         1.27543        -1.22669        0.866938
        0.376102         2.75032        -1.18144
       -0.538716       -0.935198       -0.570839
       -0.611259       -0.675598        -1.14132
       -0.489786       0.0672419        -0.43427
        0.698399        -1.72472         0.70361
        -1.10837        0.530429        -1.79319
        -2.05025       -0.621245       -0.368268
       -0.342204       0.0259492        0.598695
       -0.368546         1.24108       -0.469959
         1.47439       -0.686519        -1.11332
        -1.91614        -1.01955       -0.753635
       -0.399668        0.988963       -0.989941
         2.56771         1.87283        -1.23479
        -1.38698      -0.0884115        0.114931
       -0.901418       -0.309209       -0.388784
         1.26219        -1.14077        0.247726
       -0.654438        -1.55172         1.99751
        0.605967       -0.756495         2.00631
      -0.0662498       -0.912301        -2.09655
        0.410999        0.804638        -0.51476
        -1.01255         -1.2004         1.70095
        -1.39053        0.304098         1.03186
       -0.208922        -2.27974         1.45613
        -1.93921         2.32279         1.16134
        -1.32471         1.03127        -1.11321
        0.742071        0.494016        0.352509
       0.0261198        0.502407       -0.620085
        0.856174        -1.59453          -1.497
        -0.63327       -0.484759       -0.734472
        0.213144         1.88265        -1.35604
        -1.74082        -0.27522        0.560191
        0.177199        0.899334       0.0916596
         0.81276       -0.858815       0.0267532
        -0.32108        -1.04122        -0.71933
         1.03011        0.291389         1.53716
       -0.200474        0.301706        0.529467
       -0.615996       -0.941885       -0.434511
       -0.429552        -1.62062       -0.656024
       -0.632646        -1.94832        -1.25672
         0.33605         1.52331         1.08981
        -2.02151          1.3346        0.313371
          1.1601       -0.721877         1.69753
      -0.0194117        0.209231       -0.104158
        -2.80219        0.948683         1.66585
       -0.510626         1.05069          2.0677
       -0.447255        0.298142        0.223007
      -0.0769358        0.552778         2.91874
       -0.446654         1.16169         -2.9598
        0.755897       -0.968009        -2.28296
       0.0894569        0.402018        0.422864
         0.34247       0.0486309      -0.0895569
       -0.188728        0.639666        0.438645
         1.53162         1.42215       -0.100315
         1.19106        0.334685       -0.585253
         0.97646        0.249929         0.12186
       -0.500645        0.311661         1.98797
         1.11773        0.865059      0.00611903
       -0.548683       -0.242545        -2.09783
        0.444705         0.15001         -1.3039
       -0.191521         0.53263          0.7605
        0.440504        0.761436        -1.47812
         1.03305       -0.249846         0.28581
         1.45636        0.595903        0.441722
        0.776874        0.578406         2.30692
        -1.64213       -0.358055       0.0428808
         1.27861        0.609351        0.379863
       0.0118541       -0.164215         1.20901
        0.401834        0.578457         1.03228
          1.1619       -0.317106        0.447543
           -1.85        -1.83701         1.88331
       -0.376143       -0.993601         1.11728
       -0.405362       -0.837277        -1.59358
        0.126572         0.45643       -0.341109
         1.12128       -0.434811        0.944508
       -0.447285        0.275548       -0.365451
         1.38136        0.485405         1.29633
       -0.750555        -1.79869        -1.00866
       -0.789384      -0.0683728        0.444523
        0.963298        0.147267        -1.13113
        0.697202        0.356372        0.715159
         1.18734       -0.635353        0.640136
        -1.55959        -0.86694        0.464663
        0.656681         1.26487       -0.892251
        0.637723         1.07888        -1.72605
       -0.807101         1.93612         0.72198
        0.132807       -0.852986       -0.476092
        0.144427        -1.85239        -1.45057
        0.645506         1.81976       -0.830573
       -0.864415        0.183438        -1.11214
         1.33473          1.4489        0.705471
        0.409893       -0.143237        0.444867
        -0.78279       -0.380279        0.138161
       0.0115305         1.56843        0.333892
        -1.53327        0.498595         1.50244
