        0.948897        0.992658        0.862633
        0.781457       -0.461294         2.25814
        0.438657       -0.595598       -0.787961
         2.60196       -0.106302       -0.356043
         1.27037        0.169119        0.814732
         2.24303       -0.255949        -1.03715
       -0.856078       -0.935994      -0.0180248
       -0.081792        0.543159         1.19274
         2.52523       -0.418228        0.231043
        -2.12345         1.35135        0.501457
        0.154156        -1.89905       -0.757425
        -1.61158       -0.256581       -0.936721
       -0.960065      -0.0389876         1.23314
        0.579174       -0.763834       -0.911884
        0.630198         1.61585        0.819201
       -0.238415        -1.21279        0.813565
        0.744579        0.825188        0.768144
         1.91475        -1.74534        0.687591
       -0.249089        0.608028       -0.759927
         0.38168         1.37129        0.053217
        0.666143       -0.275932        0.965876
        -1.52912         1.85805         1.31739
        0.718537      -0.0681179         1.73057
         2.40522       -0.741111        0.230008
         1.17311       -0.959726         1.31668
        -1.58601       -0.752275       -0.805109
      0.00476984        -1.48969       -0.516047
        -2.38294         1.35975        0.952818
       -0.586552        0.379574        0.420677
        -1.68604       -0.375329       -0.322509
        -1.05448        0.791622        -1.09614
        0.831067        0.376937         1.00666
        -1.45542       -0.511785         3.65059
        -1.74915        -1.16737        0.652704
        -0.19528       -0.244842       0.0831902
        -1.79793         1.55027         1.14401
        0.788317        -1.30246        0.771043
        0.306237        -1.47757        0.303396
       0.0697134        -2.26792      -0.0423485
       -0.332737         1.37879        0.211152
       -0.640299        0.631118        0.202674
        0.784135        0.702923        0.353318
       -0.766749         2.33768       -0.821914
         1.20603        0.545104        -2.07937
        -2.51406        0.835319        0.568809
          2.3708         1.01885        0.625624
       0.0409397        0.802827        -1.44492
       -0.884368         0.43089        0.362588
        -1.77815         2.08195       -0.261549
        0.902687        0.636043        -1.82626
       -0.926741         0.72538        -2.45834
        -1.11626         1.58806         -1.3227
         1.17106        -3.25027        -3.26983
       -0.222671       -0.224886        0.282823
        0.817942       -0.524003         0.43286
      -0.0135475       -0.231683         1.34562
       -0.748674        -1.72674       -0.856773
        0.511506       0.0674429        0.866915
        -1.07635       -0.449817       -0.808324
        -1.06729        0.203412       -0.163618
        0.164697         1.44171         1.03577
        0.955396       -0.458418        -1.18121
        -2.20666        0.447024        -1.51138
       0.0416223        -1.22736       -0.379213
       -0.358264       -0.828974         1.47223
        0.139029        -1.60878        -1.03449
        0.330193        -2.09048       -0.927318
        0.508894         1.11769        -1.64523
         0.53509         1.17132        -2.14759
        -1.28807      -0.0325457       -0.492557
       -0.844092       -0.387663        0.635542
        0.106291         1.94555       -0.416679
        0.674731       -0.043384      -0.0183159
       -0.348065        0.509501         1.39868
        0.463147         1.81439       -0.457219
       -0.483455        -1.01246       -0.641397
         1.74946        -1.37778        0.823567
       -0.611199         0.77155         1.24323
        0.388405         1.94367        -1.33265
        0.718342        0.646474       -0.702701
        -1.98231       -0.671957        -0.89889
        0.471632       -0.419013       -0.484539
        0.587167       -0.544306       -0.214133
       -0.241769       -0.665836       0.0341171
       -0.128228       -0.451615        0.686715
        -1.08569       -0.257658        0.437388
        0.864504        0.346714       0.0161295
        -1.21813         1.48598        -1.28308
        -1.22138         1.41878      -0.0851366
       -0.774006        -1.95902         0.73062
        0.402855         0.16475       -0.872031
       -0.312102       -0.926511         0.36966
        0.702349       -0.510132       -0.527837
       -0.409051         1.67576        -1.01042
         2.13928        0.886183      -0.0056959
       -0.115103        0.297982        -1.35649
       -0.297623        0.326144        -0.47957
       -0.303218         1.10823      -0.0539897
        0.875102       -0.366925         2.08509
         1.63083        0.180298        -1.30663
        0.517581       -0.967554         1.39701
        0.913102       -0.616841       -0.530835
        0.596442       -0.786557          1.7333
        -0.51164       -0.505731         1.58845
          1.2693       0.0713079         1.05507
         0.49857        -1.12828       -0.224739
       -0.267765        -1.65648       -0.419514
       -0.987285        0.684081       -0.473787
