         2.74053        0.327423        -2.42085
        0.674576        -1.42868        0.127348
           1.947        0.310441        0.163461
         1.51369       0.0697945       -0.225317
         1.26206       -0.314065         1.92496
        0.548037       -0.363278         0.40552
        0.115944         1.18361        -1.14444
        0.816209        0.699615       -0.661291
        -1.01155       -0.281796        0.611685
        -1.70398         1.13784        0.992675
       -0.272633       -0.362313       -0.108486
        0.691254       -0.178566        -1.85129
         1.90745        0.710299       -0.627667
        0.613504        -1.08218        -1.22048
        0.374923       -0.805052         1.14426
       -0.807471         1.13871        0.831977
         2.45813      -0.0795994       -0.429679
         1.04036       -0.270973        0.632213
        0.430399       -0.379554        -0.71516
        -1.09928       -0.506833       -0.854196
       -0.301722        0.223791        -0.50044
         1.29848        0.224683        0.612162
        0.363385       -0.862868         -2.7365
       0.0595727        -1.42277       -0.515351
        0.158047        0.439342       -0.981701
       -0.777718       -0.824805       -0.431228
         1.41198         1.53877         1.83858
        0.740932       -0.362573        0.250212
       -0.508844        0.460346        -1.16421
         1.23128        0.569197        -1.11257
        -1.66795         0.59632       -0.522865
        0.426557         1.59696         -1.0281
        0.756374       0.0772058       -0.222453
        -0.42764       -0.239464         -0.4239
        -1.47346         1.11624        -1.90652
       0.0575161        -1.71362        0.800628
        -1.66037       -0.308009       -0.558376
       -0.828774        0.375292        -1.28403
        0.483935        0.287195        0.872938
      -0.0527557         1.08558          0.1721
        0.360279       -0.551406       -0.715019
       -0.564579       -0.237658      -0.0646996
       -0.138845        -1.47317        0.933799
       -0.223107         1.14251        -1.82994
        -1.35512       -0.358324         3.20487
        -1.80706     -0.00841808        -1.16576
        0.278775         1.72836        -1.89803
       -0.825631        0.129802         1.06761
        0.749587         0.81826        0.110149
        0.128206         -1.3859       -0.479767
        -1.20362       -0.560381         1.58388
       0.0822105        0.372026         1.01664
         1.06891       -0.991078         -1.2092
         1.80128       -0.365482        -1.11079
        0.362107        -0.63638         1.30281
        0.484367       -0.837027        0.211782
        -1.11164         1.89315        -1.93737
        -0.74111       0.0311219         2.80086
         1.39606          1.2896        0.871705
        -1.62057         1.33551        0.137067
       -0.982355        0.963517       -0.861478
        -3.49108        -1.11071        0.281877
        0.760076       -0.125394         1.30969
       -0.669638        0.652143       -0.152539
        -1.38937        0.188809        0.578687
        0.872856        0.241781        0.897122
        0.762347        -2.15238        -1.12502
         1.17878        0.204312        0.202309
        0.436303        -1.34705          0.6933
       -0.820332        0.193884        -2.13799
       -0.825955        -1.00649       -0.176479
       -0.163966      -0.0923199       -0.850555
       0.0118883        0.881942         1.32067
        0.321377         1.72699         1.86771
        -1.54699       -0.133603         0.50586
       -0.141384        0.808716         1.88317
       -0.870328        -1.37577       -0.534812
       -0.153313        -1.05289        -0.89017
        0.319692       -0.863724        -1.02755
        -1.71119        -1.85622         1.42235
       -0.400482        0.218633        0.740281
        0.217984         1.30355          -0.919
        -1.26086         1.10856         1.33826
        -1.52247         2.16287        0.831312
        0.157258        -1.43272        0.559425
        -1.16204         1.08378        -2.34827
         1.95039        -2.14414         0.49981
       -0.815086        -0.55653        0.867237
         0.33925         0.63208        0.638271
       -0.757582        -1.77228       -0.959741
        0.483354       -0.387808        0.983858
        -1.14909       -0.635513       -0.321995
        0.447309         1.70298         1.20537
       -0.295629         1.87022        0.825634
       -0.160118         1.12685         1.65911
        0.427166        0.819002        -0.54252
         0.61362       -0.734445       -0.995146
       -0.124296        0.191793        -1.47079
       -0.685472        0.997365         2.21137
       0.0599369        -1.01451        -1.29697
         1.62858       -0.477051        0.558551
        0.468503       -0.278876       -0.502191
        0.058508       -0.798844       -0.294175
        0.985639        0.129599         1.28054
        0.353739        0.332942       -0.148165
       -0.396686      -0.0409628        0.310241
        0.973096       -0.244399       -0.148783
       -0.980455        -1.62445          1.6681
