0 0
1 0
1.42263 0.0286461
1.73689 0.0382887
2.00707 0.0390654
2.24541 0.0374612
2.46412 0.0379934
2.65916 0.044392
2.83687 0.0427441
3.00424 0.039699
3.16161 0.0416727
3.31899 0.0433355
3.46797 0.0444344
3.61563 0.0449355
3.74895 0.0440109
3.88918 0.0453447
4.01815 0.0431683
4.13651 0.0436747
4.26811 0.0425347
4.38137 0.0425265
4.4959 0.0426926
4.60052 0.0440874
4.70547 0.0442032
4.80304 0.0464101
4.90298 0.047499
4.99836 0.0447802
5.0844 0.0445081
5.17976 0.0445039
5.27474 0.044934
5.37328 0.0452691
5.46196 0.0445885
5.56094 0.044702
5.64069 0.047314
5.73847 0.048145
5.82333 0.048205
5.9111 0.0474386
5.99599 0.0480644
6.07235 0.0474589
6.15053 0.0484566
6.23239 0.0468833
6.31006 0.0473347
6.40065 0.0465525
6.46228 0.0463915
6.54546 0.0460524
6.62912 0.044878
6.70481 0.0444328
6.78068 0.0444717
6.84959 0.0430751
6.91288 0.0425318
6.98157 0.0425178
7.04929 0.043454
7.13432 0.0431958
7.21258 0.0420795
7.28794 0.0414029
7.35923 0.0428381
7.4235 0.0427648
7.51152 0.0422322
7.57961 0.0434741
7.64431 0.0432408
7.70798 0.043812
7.75759 0.0442558
7.82361 0.0452471
7.8977 0.0439768
7.96088 0.0437096
8.02415 0.0425939
8.08974 0.0429922
8.14589 0.0437166
8.19871 0.0424135
8.26005 0.0422867
8.3243 0.0412889
8.39733 0.0415948
8.45521 0.0421507
8.51727 0.0425531
8.57807 0.0418338
8.64182 0.040438
8.69977 0.0393795
8.74898 0.0401177
8.80225 0.0403778
8.86231 0.040039
8.92141 0.0397506
8.97572 0.0399426
9.02912 0.0402371
9.08832 0.0414305
9.12866 0.0416402
9.18542 0.0411379
9.23469 0.0400866
9.28764 0.0404112
9.35331 0.0421796
9.4054 0.0416011
9.46423 0.0414335
9.51271 0.0419414
9.57308 0.0422572
9.6128 0.0422844
9.67096 0.0430378
9.72022 0.0434753
9.76356 0.0436826
9.81396 0.0432703
9.87276 0.0429184
9.92364 0.0434523
9.97422 0.0424219
