0 0
1 0
1.40766 0.0253644
1.72166 0.0331377
1.99457 0.03635
2.23808 0.039501
2.46042 0.0385784
2.65256 0.0380188
2.83501 0.0392295
3.00704 0.040173
3.16644 0.0408463
3.31911 0.0434209
3.45959 0.0417022
3.60764 0.0399435
3.74612 0.0375612
3.86759 0.0371948
3.99523 0.0366864
4.11931 0.0371733
4.24772 0.0359741
4.36874 0.0379076
4.48806 0.0373835
4.5965 0.0381738
4.70013 0.0367797
4.80025 0.0378511
4.9021 0.0388291
5.01355 0.0380943
5.11523 0.0372355
5.21752 0.0361472
5.30734 0.0343895
5.40097 0.0344004
5.49121 0.0320212
5.59255 0.0321192
5.67777 0.0326336
5.76186 0.0330064
5.85249 0.0348069
5.9358 0.035561
6.013 0.0338666
6.09281 0.0360414
6.16857 0.0378697
6.25234 0.0371061
6.33316 0.0379674
6.41684 0.0378465
6.49284 0.038617
6.5692 0.037985
6.6513 0.0361733
6.71823 0.036999
6.79233 0.0386276
6.87159 0.0388988
6.93923 0.0392161
7.01595 0.0388856
7.08517 0.0396402
7.15681 0.0396686
7.23 0.0418689
7.2945 0.0419601
7.36103 0.0433002
7.43194 0.0419969
7.48784 0.0431373
7.55651 0.0429122
7.62095 0.0429724
7.69082 0.042889
7.74923 0.0439397
7.82058 0.044559
7.88285 0.0449091
7.94796 0.0449991
8.01081 0.0449815
8.07854 0.0444204
8.14489 0.0444773
8.20213 0.0436805
8.26042 0.0435736
8.32483 0.0443912
8.38269 0.0442355
8.44539 0.0448858
8.50093 0.0450535
8.56064 0.0443952
8.6272 0.043989
8.68622 0.0432059
8.73795 0.0425318
8.80233 0.0420984
8.86086 0.0411889
8.91375 0.040769
8.96813 0.0403091
9.02684 0.039514
9.07994 0.04044
9.14171 0.0417856
9.20359 0.0417952
9.25845 0.041422
9.31583 0.0415635
9.37014 0.041756
9.43528 0.0413481
9.48995 0.0430843
9.53957 0.0422463
9.59254 0.0419246
9.65242 0.0412305
9.70025 0.0422994
9.75396 0.0418713
9.80755 0.042271
9.86141 0.0429448
9.911 0.0431937
9.95627 0.0430571
9.9996 0.0418723
