-0.4457    0
-0.442735    0.00296482
-0.445359    0.00313282
-0.441313    0.00461241
-0.443109    0.00399885
-0.445917    0.00430625
-0.447503    0.00396974
-0.445198    0.00413894
-0.44564    0.00367684
-0.445505    0.00329143
-0.447073    0.00336515
-0.446792    0.0030848
-0.44707    0.00285123
-0.446593    0.00268256
-0.446397    0.00250497
-0.44592    0.00239123
-0.44551    0.00228325
-0.445987    0.00220486
-0.445851    0.00209005
-0.444552    0.00237051
-0.444622    0.00225591
-0.445103    0.00220398
-0.445756    0.0022048
-0.445878    0.00211447
-0.44563    0.00204329
-0.445462    0.00197024
-0.44491    0.00197471
-0.444752    0.00190938
-0.444762    0.00184239
-0.444999    0.00179566
-0.444795    0.00174868
-0.444839    0.00169371
-0.444878    0.00164205
-0.444961    0.00159517
-0.444964    0.00154893
-0.444791    0.00151513
-0.444602    0.00148576
-0.44477    0.00145595
-0.444784    0.00141819
-0.444834    0.00138319
-0.444626    0.00136493
-0.444709    0.00133462
-0.444533    0.00131501
-0.444561    0.00128507
-0.444508    0.00125729
-0.444413    0.00123334
-0.444321    0.00121031
-0.444455    0.00119236
-0.444448    0.00116779
-0.444465    0.00114434
-0.444708    0.00114763
-0.444655    0.00112659
-0.444743    0.00110864
-0.44462    0.00109494
-0.444583    0.00107548
-0.444635    0.00105738
-0.444719    0.0010421
-0.444905    0.00104059
-0.444867    0.0010235
-0.444851    0.00100642
-0.444851    0.000989787
-0.44498    0.000982134
-0.445081    0.000971725
-0.444993    0.00096043
-0.445008    0.000945652
-0.445275    0.000968691
-0.445318    0.000955094
-0.445348    0.000941427
-0.445306    0.000928631
-0.445286    0.000915495
-0.445321    0.000903201
-0.445236    0.000894633
-0.445251    0.000882414
-0.445397    0.000882661
-0.445354    0.000871876
-0.445395    0.000861297
-0.445408    0.00085014
-0.445371    0.00083999
-0.445296    0.000832654
-0.445027    0.000865184
-0.444951    0.000857802
-0.444871    0.000851053
-0.444853    0.000840933
-0.44482    0.000831507
-0.444932    0.000829307
-0.44494    0.000819647
-0.444874    0.000812909
-0.444822    0.000805298
-0.444715    0.000803336
-0.444687    0.000794833
-0.444454    0.000820089
-0.444615    0.000827078
-0.444644    0.000818625
-0.444812    0.000827281
-0.44487    0.000820567
-0.444853    0.000812166
-0.444831    0.000804038
-0.444789    0.000796917
-0.444865    0.000792474
-0.444927    0.000786962
