-0.147171    0
-0.146871    0.000300214
-0.143321    0.00355395
-0.149205    0.00639789
-0.147266    0.00532168
-0.145354    0.00474705
-0.143778    0.00431061
-0.145285    0.00402587
-0.145099    0.00355537
-0.145518    0.00320759
-0.144704    0.00301348
-0.144013    0.00283651
-0.145653    0.00308221
-0.14494    0.00294137
-0.143484    0.00310113
-0.143887    0.00292868
-0.144487    0.00281554
-0.145274    0.00276887
-0.144243    0.00281487
-0.143971    0.00268414
-0.143663    0.00257172
-0.143805    0.00245616
-0.142866    0.00252773
-0.144115    0.00272335
-0.143035    0.00282682
-0.142496    0.00276875
-0.141437    0.00286715
-0.141367    0.00276375
-0.140892    0.00270863
-0.141131    0.0026277
-0.141388    0.00255443
-0.141397    0.00247333
-0.142598    0.00268113
-0.143248    0.0026811
-0.143424    0.00260928
-0.144305    0.00268439
-0.1445    0.0026181
-0.144776    0.00256318
-0.144978    0.00250479
-0.145548    0.00250696
-0.145902    0.00247062
-0.146145    0.00242321
-0.146272    0.00236964
-0.145978    0.00233375
-0.145727    0.00229515
-0.145647    0.00224612
-0.145449    0.00220667
-0.145735    0.00217906
-0.145621    0.00213717
-0.145219    0.00213224
-0.145234    0.00209007
-0.144298    0.0022533
-0.144342    0.0022108
-0.144094    0.00218352
-0.143823    0.00216054
-0.143826    0.00212161
-0.143698    0.00208801
-0.14333    0.0020844
-0.143567    0.00206246
-0.143764    0.0020373
-0.143463    0.00202608
-0.143621    0.00199934
-0.143685    0.00196839
-0.143986    0.00196072
-0.143744    0.00194554
-0.143467    0.00193575
-0.143405    0.00190764
-0.143429    0.00187953
-0.143321    0.00185524
-0.143549    0.00184273
-0.143748    0.0018274
-0.143752    0.00180184
-0.143907    0.00178376
-0.143658    0.00177704
-0.143553    0.00175632
-0.143684    0.00173795
-0.143717    0.00171555
-0.143628    0.00169573
-0.14387    0.00169151
-0.143755    0.00167417
-0.143993    0.00167035
-0.144317    0.00168136
-0.144682    0.00170065
-0.144804    0.00168468
-0.145104    0.00169165
-0.145035    0.00167329
-0.145239    0.0016664
-0.145018    0.00166213
-0.144749    0.00166518
-0.14467    0.00164844
-0.144491    0.00164005
-0.144767    0.00164533
-0.14469    0.00162934
-0.144591    0.00161496
-0.144423    0.00160668
-0.144642    0.00160497
-0.144772    0.00159357
-0.144791    0.00157735
-0.144853    0.00156255
-0.145099    0.00156631
