1    0.408249    0.2973223256    0.0677723974    0.8748981871
2    -0.1691960023    0.0588803447    -0.8101112548    0.5740105303
3    -0.2614419419    0.0188486693    -0.8820082669    0.7321056183
4    -0.2496068377    0.0374656168    -1.1468992798    0.5242159375
5    -0.1577464496    0.1123950676    -0.8321677710    0.6016182783
6    -0.2082323550    0.0165923942    -0.7240988494    0.6174020049
7    -0.2939811415    0.0205742662    -0.7856484967    0.5308481557
8    -0.3527485304    0.0139529126    -0.6176988086    0.5220382764
9    -0.3536149552    0.0141425521    -0.8482632536    0.7424292114
10    -0.3002819064    0.0263797917    0.8579977018    0.6880097942
11    -0.3784567306    0.0189420647    0.6892825025    0.6598078554
12    -0.2874891628    0.0220035064    1.0132185132    0.5683615429
13    -0.3908740260    0.0159142585    0.7850475357    0.6312482602
14    -0.3902404893    0.0149699351    0.7284205067    0.5515912473
15    -0.4119310427    0.0087083274    0.8063363710    0.6524635096
16    -0.3940599273    0.0138423567    0.7092467281    0.6397465510
17    -0.3366817340    0.0470510662    -0.2791673916    1.0550324279
18    -0.3823112391    0.0236844365    -0.8131353489    0.6395226965
19    -0.3012520147    0.0243362665    0.1134646596    1.0388139634
20    -0.2743504269    0.0242164438    0.8597931633    0.5377665851
21    -0.3904557729    0.0121308328    0.7609223171    0.8160146916
22    -0.3453412576    0.0152084085    0.9920875292    0.7107553414
23    -0.3978246140    0.0201966920    0.9073555049    0.6105517016
24    -0.3871570905    0.0121494200    0.8272285235    0.5515921040
25    -0.3758800253    0.0144467154    0.6864409593    0.5712982220
26    -0.3808082823    0.0172584524    0.6538407983    0.8782066946
27    -0.3853372527    0.0150690728    0.8869873697    0.6530600000
28    -0.4278340664    0.0026064710    0.7856819364    0.5780342086
29    -0.4091872145    0.0147853180    0.8002844432    0.6538302015
30    -0.4365466359    0.0005028056    0.8267286915    0.5897611337
31    -0.4354395152    0.0004052019    0.7812377222    0.6089057826
32    -0.4349192122    0.0035674141    0.7305459220    0.6545901821
33    -0.3447077762    0.0209227022    0.8280543690    0.6467358577
34    -0.3903740054    0.0164179201    0.7288448783    0.7094996148
35    -0.3847328439    0.0212016371    0.8209384429    0.6728868499
36    -0.3863147830    0.0165392255    0.6200777290    0.7246707985
37    -0.3603654018    0.0226814347    0.8300217289    0.6295201662
38    -0.4394371737    0.0005093389    0.8295522560    0.6219064113
39    -0.4273429311    0.0045083692    0.7957989424    0.6681793701
40    -0.4177200981    0.0038068733    0.8819125541    0.5998041571
41    -0.4278845833    0.0029866221    0.7658429896    0.6805329426
42    -0.4206371050    0.0046845078    0.7284026621    0.6207369072
43    -0.4392051754    0.0015827135    0.8111416221    0.6685326595
44    -0.4205202304    0.0019432871    0.7631678521    0.5929524238
45    -0.4247970320    0.0053624097    0.8480029177    0.5712591280
46    -0.4342618090    0.0039254011    0.7192287640    0.6064761542
47    -0.4294795828    0.0052703706    0.9066509298    0.6510964473
48    -0.3902587081    0.0054212263    0.7502921347    0.7139427956
49    -0.4221234567    0.0032703865    0.8157012174    0.6705551549
50    -0.4113922468    0.0084483529    0.7728712271    0.6670421175
51    -0.4337583988    0.0024194423    0.8069665999    0.6431209570
52    -0.4329628575    0.0016410586    0.8327459565    0.6527156486
53    -0.4170666342    0.0136788563    0.6455954257    0.7456701148
54    -0.3839598533    0.0153669203    0.7070639158    0.6466548371
55    -0.4300219773    0.0043580792    0.7597967275    0.6094642767
56    -0.4351821214    0.0007496182    0.8491081930    0.5981416193
57    -0.4350393686    0.0010372507    0.7957729615    0.6041172162
58    -0.4384599365    0.0013758959    0.7908189438    0.6500511262
59    -0.4334803371    0.0018190687    0.8405474346    0.6039661268
60    -0.4220017874    0.0083711616    0.7109940295    0.6035756896
61    -0.4169965760    0.0020583178    0.7378430722    0.6172229854
62    -0.4295820367    0.0000000000    0.7378430722    0.6172229854
63    -0.4301251574    0.0004857834    0.8251579482    0.5844153107
64    -0.4297596489    0.0053824694    0.8131173609    0.5882257881
65    -0.4260487903    0.0028463621    0.7484794302    0.5768644594
66    -0.4308003419    0.0019580350    0.8097607020    0.6528046954
67    -0.4324370308    0.0009723657    0.7458162819    0.5898035201
68    -0.4309733981    0.0014501891    0.8153613268    0.5865305858
69    -0.4374004498    0.0008833929    0.8126581256    0.6293340309
70    -0.4419677330    0.0013410486    0.8223497332    0.5799884057
71    -0.4345820654    0.0009426688    0.7707715304    0.6602027615
72    -0.4304826860    0.0000316737    0.8630357937    0.6075299041
73    -0.4202438774    0.0072959103    0.7347700916    0.7417454375
74    -0.4341446146    0.0028962797    0.8295444544    0.5972978109
75    -0.4362340995    0.0011636716    0.7404190696    0.6142263697
76    -0.4436840641    0.0004402842    0.8064204379    0.6111451508
77    -0.4274484699    0.0059731055    0.8676118606    0.6340137101
78    -0.4194690095    0.0025133927    0.7985737185    0.6803439270
79    -0.4358933792    0.0006677850    0.8259653192    0.5879689091
80    -0.4371179574    0.0003003019    0.7654401488    0.6038239954
81    -0.4383497679    0.0000000024    0.7654401488    0.6038239954
82    -0.4403911951    0.0002491022    0.7706426526    0.6186301709
83    -0.4406695715    0.0000000000    0.7706426526    0.6186301709
84    -0.4317723987    0.0048671676    0.8146746492    0.6123906099
85    -0.4435899185    0.0000000000    0.8146746492    0.6123906099
86    -0.4424297600    0.0004503950    0.8084859937    0.5937668852
87    -0.4365822726    0.0025347549    0.7772598644    0.6350785604
88    -0.4370367938    0.0013943520    0.7701285222    0.6320897650
89    -0.4387838647    0.0000000000    0.7701285222    0.6320897650
90    -0.4423133810    0.0003507942    0.8019736185    0.5992713346
91    -0.4425144635    0.0001056746    0.7828043576    0.6298578631
92    -0.4371613530    0.0019666679    0.7371659000    0.6123479836
93    -0.4361845364    0.0025080434    0.8556008776    0.6352438470
94    -0.4417517264    0.0016102497    0.8397096592    0.6114697469
95    -0.4312311851    0.0028026691    0.8359372958    0.6034696559
96    -0.4392036857    0.0000000000    0.8359372958    0.6034696559
97    -0.4392036857    0.0000000000    0.8359372958    0.6034696559
98    -0.4308497191    0.0060370123    0.6984211520    0.5932790261
99    -0.4255638783    0.0056421828    0.8271194728    0.6065420947
100    -0.4342541723    0.0015054806    0.7784913361    0.5813870761
101    -0.4338128649    0.0020223436    0.7776215142    0.6436935552
102    -0.4363102185    0.0008623902    0.8075741152    0.6392062929
103    -0.4123175272    0.0028942715    0.8095680587    0.5962857595
104    -0.4403141986    0.0000000000    0.8095680587    0.5962857595
105    -0.4239112344    0.0076927965    0.8381115575    0.6825011873
106    -0.4280035668    0.0053479496    0.7493826925    0.6663685758
107    -0.4249530188    0.0015423498    0.8172263078    0.6613371676
108    -0.4295667477    0.0010063672    0.8414424441    0.6272743372
109    -0.4363117802    0.0000000000    0.8414424441    0.6272743372
110    -0.4335631284    0.0006589436    0.8399187423    0.5916657001
111    -0.4256884802    0.0040971245    0.7789668649    0.6810551322
112    -0.4297530404    0.0026214220    0.7495727885    0.6398807274
113    -0.4327410835    0.0000000000    0.7495727885    0.6398807274
114    -0.4311908911    0.0004760104    0.8513969464    0.6097679638
115    -0.4403432842    0.0014660435    0.8146619028    0.6157194736
116    -0.4389940028    0.0019773030    0.7745268961    0.6151385530
117    -0.4423809324    0.0000000024    0.7745268961    0.6151385530
118    -0.4419548224    0.0003811792    0.7618940532    0.6126136099
119    -0.4400136548    0.0000000024    0.7618940532    0.6126136099
120    -0.4348963863    0.0010160285    0.7930752785    0.5882094674
121    -0.4383682828    0.0005530980    0.8404861582    0.6138231344
122    -0.4402927695    0.0007645713    0.8073318325    0.6211119717
123    -0.4250479017    0.0056808739    0.7585650839    0.6962302372
124    -0.4137378500    0.0012875599    0.8408391895    0.6758810652
125    -0.4105556421    0.0024407550    0.8620494437    0.6355451679
126    -0.4301775232    0.0022343595    0.8128470111    0.6496336322
127    -0.4427418662    0.0003696416    0.8133211720    0.6091069813
128    -0.4431543118    0.0000000000    0.8133211720    0.6091069813
129    -0.4388772752    0.0024029594    0.8581585650    0.6241738254
130    -0.4370261769    0.0019347351    0.7562655634    0.6397117059
131    -0.4401335281    0.0000000000    0.7621456560    0.6171894330
132    -0.4401335281    0.0000000000    0.7621456560    0.6171894330
133    -0.4401335281    0.0000000000    0.7621456560    0.6171894330
134    -0.4419772221    0.0003160538    0.7960686774    0.6115050474
135    -0.4423284019    0.0000000024    0.7960686774    0.6115050474
136    -0.4362102663    0.0016774346    0.8053549609    0.6782980905
137    -0.4326705585    0.0015265114    0.7593882833    0.6486335379
138    -0.4361555661    0.0014185340    0.7776806170    0.6193267968
139    -0.4398475459    0.0015065117    0.7444948552    0.6238230745
140    -0.4342852835    0.0000000000    0.7444948552    0.6238230745
141    -0.4380449046    0.0013904725    0.7718547355    0.6274637283
142    -0.4409988927    0.0000000000    0.7718547355    0.6274637283
143    -0.4446747731    0.0004438906    0.8066132947    0.6240020999
144    -0.4454777725    0.0000000000    0.8066132947    0.6240020999
145    -0.4454777725    0.0000000000    0.8066132947    0.6240020999
146    -0.4454777725    0.0000000000    0.8066132947    0.6240020999
147    -0.4388494262    0.0012215551    0.8136507095    0.5766635956
148    -0.4394040337    0.0016250035    0.7760657526    0.6065341532
149    -0.4412207621    0.0000000000    0.7760657526    0.6065341532
150    -0.4404933345    0.0000132925    0.7761627316    0.6004461814
151    -0.4404784890    0.0000000024    0.7761627316    0.6004461814
152    -0.4404784890    0.0000000024    0.7761627316    0.6004461814
153    -0.4369363593    0.0003544184    0.7912804249    0.6492817785
154    -0.4365427893    0.0000000000    0.7912804249    0.6492817785
155    -0.4330505327    0.0002734062    0.8465106626    0.5912818185
156    -0.4327468583    0.0000000000    0.8465106626    0.5912818185
157    -0.4354827074    0.0015813443    0.8161801494    0.6259874780
158    -0.4413189218    0.0000000000    0.8161801494    0.6259874780
159    -0.4389560827    0.0010636678    0.8172152158    0.6485851593
160    -0.4387410187    0.0016704996    0.7783999799    0.6188305202
161    -0.4417560203    0.0000000000    0.7783999799    0.6188305202
162    -0.4414982001    0.0001579951    0.7993717551    0.6431474603
163    -0.4408966197    0.0000000000    0.7993717551    0.6431474603
164    -0.4402958456    0.0004341537    0.8230017297    0.6357720781
165    -0.4402975464    0.0004659195    0.8080298602    0.5916229390
166    -0.4410380500    0.0000000000    0.8080298602    0.5916229390
167    -0.4410380500    0.0000000000    0.8080298602    0.5916229390
168    -0.4400012225    0.0004581520    0.7612969789    0.6094068194
169    -0.4393912510    0.0001894294    0.7735544628    0.6002053484
170    -0.4386678523    0.0004468716    0.8415324008    0.6128935682
171    -0.4375141738    0.0000000024    0.8415324008    0.6128935682
172    -0.4375141738    0.0000000024    0.8415324008    0.6128935682
173    -0.4380798152    0.0002074198    0.7804498147    0.6390710282
174    -0.4171968684    0.0012129304    0.8881654167    0.6167009130
175    -0.4158408836    0.0000000000    0.8881654167    0.6167009130
176    -0.4326661116    0.0024504738    0.7893668360    0.5824175845
177    -0.4343810328    0.0007028252    0.7869665386    0.6369153494
178    -0.4306209509    0.0051328953    0.7087505437    0.6380930381
179    -0.4160816449    0.0004620105    0.8660612799    0.6467061292
180    -0.4291480524    0.0004466324    0.7785149203    0.5770842673
181    -0.4328847036    0.0019981813    0.7672710678    0.6056739535
182    -0.4389912199    0.0006167863    0.7958819167    0.6416594222
183    -0.4307034133    0.0029022232    0.8610528322    0.5915837086
184    -0.4393991222    0.0009352270    0.8026510853    0.6083249636
185    -0.4435810576    0.0000000000    0.8026510853    0.6083249636
186    -0.4435810576    0.0000000000    0.8026510853    0.6083249636
187    -0.4442250934    0.0000641352    0.8064382617    0.6149013936
188    -0.4440633427    0.0001391963    0.8015424641    0.6226774782
189    -0.4368090074    0.0013433536    0.8420016416    0.5888949591
190    -0.4314848685    0.0000000000    0.8420016416    0.5888949591
191    -0.4320118310    0.0003526115    0.7541630991    0.5959331481
192    -0.4348305858    0.0005275787    0.7584304474    0.6327997199
193    -0.4363146656    0.0000463384    0.8289428293    0.6347252154
194    -0.4380640375    0.0009570345    0.7784829128    0.6114330681
195    -0.4411407245    0.0000155182    0.8224560197    0.6195113629
196    -0.4419599406    0.0000000000    0.8224560197    0.6195113629
197    -0.4419599406    0.0000000000    0.8224560197    0.6195113629
198    -0.4419599406    0.0000000000    0.8224560197    0.6195113629
199    -0.4419599406    0.0000000000    0.8224560197    0.6195113629
200    -0.4414593598    0.0003477440    0.8018046198    0.6072854280
