1	30.9105
2	27.0388
3	27.0388
4	25.886
5	25.6663
6	25.0166
7	24.4142
8	23.9211
9	23.1438
10	22.3941
11	21.0609
12	21.0609
13	20.7781
14	19.7513
15	19.7513
16	19.5145
17	18.9986
18	18.9986
19	17.7848
20	16.9823
21	16.9823
22	16.9823
23	16.3353
24	15.928
25	15.928
26	15.7343
27	15.0258
28	14.8614
29	14.8614
30	14.6339
31	14.4468
32	14.2735
33	13.6939
34	13.6939
35	13.6939
36	13.5297
37	12.3534
38	12.3534
39	12.3534
40	12.3534
41	12.3534
42	11.5554
43	11.5554
44	11.5554
45	11.5554
46	11.5554
47	11.5554
48	11.5554
49	11.4873
50	11.4873
51	10.5877
52	10.5877
53	10.5877
54	10.5877
55	10.507
56	10.507
57	10.507
58	10.507
59	10.507
60	10.507
61	10.507
62	10.507
63	10.507
64	10.5052
65	10.5052
66	10.5052
67	10.5052
68	10.5052
69	10.4387
70	10.4147
71	10.413
72	10.413
73	10.3465
74	10.3465
75	10.3465
76	10.3465
77	10.3465
78	10.3465
79	10.3465
80	10.3465
81	10.3465
82	10.31
83	10.31
84	10.31
85	10.31
86	10.31
87	10.31
88	10.31
89	10.31
90	10.31
91	10.31
92	10.31
93	10.31
94	10.31
95	10.3051
96	10.3051
97	10.3051
98	10.3051
99	10.3051
100	10.3051
101	10.3051
102	10.3051
103	10.3051
104	10.3051
105	10.2687
106	10.2687
107	10.2687
108	10.2687
109	10.2687
110	10.2687
111	10.2687
112	10.2687
113	10.2687
114	10.2632
115	10.2632
116	10.2632
117	10.2632
118	10.2632
119	10.2632
120	10.2632
121	10.2632
122	10.2632
123	10.2632
124	10.2632
125	10.2632
126	10.2632
127	10.2632
128	10.2632
129	10.2632
130	10.2632
131	10.2632
132	10.2632
133	10.2632
134	10.2632
135	10.2632
136	10.2632
137	10.2632
138	10.2632
139	10.2632
140	10.2632
141	10.2632
142	10.2632
143	10.2632
144	10.2632
145	10.2632
146	10.2632
147	10.2555
148	10.2555
149	10.2555
150	10.2555
151	10.2555
152	10.2555
153	10.2555
154	10.2555
155	10.2555
156	10.2555
157	10.2555
158	10.2555
159	10.2555
160	10.2555
161	10.2555
162	10.2555
163	10.2555
164	10.2555
165	10.2555
166	10.2555
167	10.2555
168	10.2555
169	10.2555
170	10.2555
171	10.2555
172	10.2555
173	10.2555
174	10.2555
175	10.2555
176	10.2555
177	10.2412
178	10.2412
179	10.2412
180	10.2412
181	10.2412
182	10.2412
183	10.2412
184	10.2412
185	10.2047
186	10.2047
187	10.2047
188	10.2047
189	10.2047
190	10.2047
191	10.2047
192	10.2047
193	10.2047
194	10.2047
195	10.2047
196	10.2047
197	10.2047
198	10.2047
199	10.2047
200	10.2047
201	10.2047
202	10.2047
203	10.2047
204	10.2047
205	10.2047
206	10.2047
207	10.2047
208	10.2047
209	10.2047
210	10.1805
211	10.1805
212	10.1805
213	10.1805
214	10.1805
215	10.1805
216	10.1805
217	10.1805
218	10.1805
219	10.1805
220	10.1805
221	10.1805
222	10.1805
223	10.1805
224	10.1805
225	10.1805
226	10.1805
227	10.1805
228	10.1805
229	10.1805
230	10.1805
231	10.1805
232	10.1805
233	10.1805
234	10.1805
235	10.1805
236	10.1805
237	10.1805
238	10.1805
239	10.1805
240	10.1805
241	10.1805
242	10.1805
243	10.1805
244	10.1805
245	10.1805
246	10.1805
247	10.1805
248	10.1805
249	10.1805
250	10.1805
251	10.1805
252	10.1805
253	10.1805
254	10.1805
255	10.1805
256	10.1805
257	10.1805
258	10.1805
259	10.1805
260	10.1805
261	10.1805
262	10.1805
263	10.1805
264	10.1805
265	10.1805
266	10.1805
267	10.1805
268	10.1805
269	10.1805
270	10.1805
271	10.1805
272	10.1805
273	10.1805
274	10.1805
275	10.1805
276	10.1805
277	10.1805
278	10.1805
279	10.1805
280	10.1805
281	10.1805
282	10.1805
283	10.1805
284	10.1805
285	10.1805
286	10.1805
287	10.1805
288	10.1805
289	10.1805
290	10.1805
291	10.1805
292	10.1805
293	10.1805
294	10.1805
295	10.1805
296	10.1805
297	10.1805
298	10.1805
299	10.1805
300	10.1805
301	10.1805
302	10.1805
303	10.1805
304	10.1805
305	10.1805
306	10.1805
307	10.1805
308	10.1805
309	10.1805
310	10.1805
311	10.1805
312	10.1805
313	10.1805
314	10.1805
315	10.1805
316	10.1805
317	10.1805
318	10.1805
319	10.1805
320	10.1805
321	10.1805
322	10.1805
323	10.1805
324	10.1805
325	10.1805
326	10.1805
327	10.1805
328	10.1805
329	10.1805
330	10.1805
331	10.1805
332	10.1805
333	10.1805
334	10.1805
335	10.1805
336	10.1805
337	10.1805
338	10.1805
339	10.1805
340	10.1805
341	10.1805
342	10.1805
343	10.1805
344	10.1805
345	10.1805
346	10.1805
347	10.1805
348	10.1805
349	10.1805
350	10.1805
351	10.1805
352	10.1805
353	10.1805
354	10.1805
355	10.1805
356	10.1805
357	10.1805
358	10.1805
359	10.1805
360	10.1805
361	10.1805
362	10.1805
363	10.1805
364	10.1805
365	10.1805
366	10.1805
367	10.1805
368	10.1805
369	10.1805
370	10.1805
371	10.1805
372	10.1805
373	10.1805
374	10.1805
375	10.1805
376	10.1805
377	10.1805
378	10.1805
379	10.1805
380	10.1805
381	10.1805
382	10.1805
383	10.1805
384	10.1805
385	10.1805
386	10.1805
387	10.1805
388	10.1805
389	10.1805
390	10.1805
391	10.1805
392	10.1805
393	10.1805
394	10.1805
395	10.1805
396	10.1805
397	10.1805
398	10.1805
399	10.1805
400	10.1805
401	10.1805
402	10.1805
403	10.1805
404	10.1805
405	10.1805
406	10.1805
407	10.1805
408	10.1805
409	10.1805
410	10.1805
411	10.1805
412	10.1805
413	10.1805
414	10.1805
415	10.1805
416	10.1805
417	10.1805
418	10.1805
419	10.1805
420	10.1805
421	10.1805
422	10.1805
423	10.1805
424	10.1805
425	10.1805
426	10.1805
427	10.1805
428	10.1805
429	10.1805
430	10.1805
431	10.1805
432	10.1805
433	10.1805
434	10.1805
435	10.1805
436	10.1805
437	10.1805
438	10.1805
439	10.1805
440	10.1805
441	10.1805
442	10.1805
443	10.1805
444	10.1805
445	10.1805
446	10.1805
447	10.1805
448	10.1805
449	10.1805
450	10.1805
451	10.1805
452	10.1805
453	10.1805
454	10.1805
455	10.1805
456	10.1805
457	10.1805
458	10.1805
459	10.1805
460	10.1805
461	10.1805
462	10.1805
463	10.1805
464	10.1805
465	10.1805
466	10.1805
467	10.1805
468	10.1805
469	10.1805
470	10.1805
471	10.1805
472	10.1805
473	10.1805
474	10.1805
475	10.1805
476	10.1805
477	10.1805
478	10.1805
479	10.1805
480	10.1805
481	10.1805
482	10.1805
483	10.1805
484	10.1805
485	10.1805
486	10.1805
487	10.1805
488	10.1805
489	10.1805
490	10.1805
491	10.1805
492	10.1805
493	10.1805
494	10.1805
495	10.1805
496	10.1805
497	10.1805
498	10.1805
499	10.1805
500	10.1805